desc: I1 cache:         65536 B, 64 B, 2-way associative
desc: D1 cache:         65536 B, 64 B, 2-way associative
desc: LL cache:         262144 B, 64 B, 8-way associative
cmd: ./Imagen_Original
events: Ir I1mr ILmr Dr D1mr DLmr Dw D1mw DLmw 
fl=./csu/../csu/libc-start.c
fn=__libc_start_main@@GLIBC_2.34
128 2 1 1 2 0 0 0 0 0
134 3 0 0 1 0 0 0 0 0
135 7 1 1 3 0 0 2 0 0
138 1 0 0 1 0 0 0 0 0
139 2 0 0 0 0 0 0 0 0
142 3 0 0 2 0 0 0 0 0
143 7 0 0 2 0 0 1 0 0
144 6 0 0 1 0 0 0 0 0
145 4 1 1 1 0 0 2 0 0
242 13 1 1 0 0 0 7 0 0
311 2 0 0 0 0 0 0 0 0
312 4 1 1 0 0 0 1 0 0
337 6 0 0 2 0 0 1 0 0
340 2 0 0 0 0 0 0 0 0
343 2 0 0 2 0 0 0 0 0
350 2 0 0 1 0 0 1 0 0
352 2 0 0 0 0 0 0 0 0
360 4 0 0 1 0 0 1 0 0
fl=./csu/../sysdeps/nptl/libc_start_call_main.h
fn=(below main)
30 6 1 1 0 0 0 4 0 0
45 5 0 0 1 0 0 2 0 0
47 2 0 0 0 0 0 0 0 0
52 2 1 1 1 1 0 1 0 0
53 2 0 0 1 1 0 1 0 0
56 2 0 0 0 0 0 1 0 0
59 5 1 1 5 0 0 1 0 0
83 2 0 0 0 0 0 1 0 0
fl=./csu/./csu/init-first.c
fn=_init_first
46 5 1 1 0 0 0 1 0 0
51 2 0 0 1 0 0 0 0 0
55 5 1 1 4 1 1 0 0 0
61 1 0 0 0 0 0 1 0 0
62 1 0 0 0 0 0 1 0 0
63 2 0 0 1 0 0 1 1 1
71 2 0 0 0 0 0 0 0 0
72 1 0 0 1 0 0 0 0 0
fl=./ctype/./ctype/ctype-info.c
fn=__ctype_init
37 1 1 1 0 0 0 0 0 0
39 7 1 1 5 1 0 1 0 0
41 4 0 0 2 0 0 1 0 0
42 2 0 0 1 0 0 1 0 0
43 2 0 0 1 0 0 0 0 0
44 1 0 0 1 0 0 0 0 0
fl=./debug/../sysdeps/x86_64/multiarch/ifunc-memmove.h
fn=__memcpy_chk
56 3 0 0 2 0 0 0 0 0
57 2 0 0 0 0 0 0 0 0
60 3 0 0 1 0 0 0 0 0
61 2 1 1 0 0 0 0 0 0
74 2 0 0 0 0 0 0 0 0
103 2 0 0 1 0 0 0 0 0
108 3 1 1 0 0 0 0 0 0
113 4 0 0 0 0 0 0 0 0
fn=__memmove_chk
56 3 0 0 2 0 0 0 0 0
57 2 0 0 0 0 0 0 0 0
60 3 1 1 1 0 0 0 0 0
61 2 0 0 0 0 0 0 0 0
74 2 1 1 0 0 0 0 0 0
103 2 0 0 1 0 0 0 0 0
108 3 0 0 0 0 0 0 0 0
113 4 0 0 0 0 0 0 0 0
fn=__mempcpy_chk
56 3 1 1 2 0 0 0 0 0
57 2 0 0 0 0 0 0 0 0
60 3 0 0 1 0 0 0 0 0
61 2 0 0 0 0 0 0 0 0
74 2 1 1 0 0 0 0 0 0
103 2 0 0 1 0 0 0 0 0
108 3 0 0 0 0 0 0 0 0
113 4 1 1 0 0 0 0 0 0
fl=./debug/../sysdeps/x86_64/multiarch/ifunc-memset.h
fn=__memset_chk
61 5 0 0 2 0 0 0 0 0
64 3 0 0 1 0 0 0 0 0
65 2 1 1 0 0 0 0 0 0
80 2 0 0 0 0 0 0 0 0
110 3 1 1 0 0 0 0 0 0
111 3 0 0 0 0 0 0 0 0
fl=./debug/../sysdeps/x86_64/multiarch/memcpy_chk.c
fn=__memcpy_chk
29 2 1 1 1 0 0 0 0 0
fl=./debug/../sysdeps/x86_64/multiarch/memmove_chk.c
fn=__memmove_chk
29 2 1 1 1 0 0 0 0 0
fl=./debug/../sysdeps/x86_64/multiarch/mempcpy_chk.c
fn=__mempcpy_chk
29 2 1 1 1 0 0 0 0 0
fl=./debug/../sysdeps/x86_64/multiarch/memset_chk.c
fn=__memset_chk
29 2 1 1 1 0 0 0 0 0
fl=./elf/../bits/stdlib-bsearch.h
fn=intel_check_word.constprop.0
26 1623 0 0 0 0 0 0 0 0
28 1953 0 0 0 0 0 0 0 0
43 342 0 0 0 0 0 0 0 0
44 192 0 0 0 0 0 0 0 0
fl=./elf/../elf/dl-tls.c
fn=_dl_add_to_slotinfo
1177 5 1 1 0 0 0 1 0 0
1178 5 1 1 2 0 0 0 0 0
1186 1 0 0 1 0 0 0 0 0
1189 1 0 0 1 1 0 0 0 0
1190 1 0 0 0 0 0 0 0 0
1194 3 1 1 1 0 0 0 0 0
1230 2 0 0 0 0 0 0 0 0
1233 2 0 0 0 0 0 1 1 1
1234 3 1 1 1 0 0 1 0 0
1236 1 0 0 1 0 0 0 0 0
1239 1 0 0 0 0 0 0 0 0
1240 2 0 0 2 0 0 0 0 0
fn=_dl_allocate_tls_init
612 10 2 2 0 0 0 7 0 0
613 2 0 0 0 0 0 0 0 0
617 1 0 0 1 1 0 0 0 0
619 1 0 0 0 0 0 0 0 0
620 1 0 0 0 0 0 0 0 0
623 2 0 0 1 0 0 1 0 0
626 5 0 0 2 0 0 0 0 0
638 3 1 1 1 0 0 0 0 0
643 16 1 1 2 0 0 1 0 0
649 4 1 1 0 0 0 0 0 0
652 3 0 0 1 0 0 0 0 0
653 2 0 0 0 0 0 0 0 0
659 3 1 1 2 0 0 0 0 0
660 2 0 0 0 0 0 0 0 0
662 9 1 1 3 0 0 2 0 0
665 2 1 1 0 0 0 0 0 0
666 2 0 0 1 0 0 0 0 0
669 2 0 0 0 0 0 0 0 0
670 4 0 0 2 0 0 0 0 0
672 2 0 0 0 0 0 0 0 0
673 2 0 0 1 0 0 0 0 0
682 1 1 1 0 0 0 1 0 0
692 2 0 0 1 0 0 0 0 0
694 11 0 0 3 0 0 5 0 0
698 1 0 0 1 0 0 0 0 0
702 2 0 0 2 0 0 0 0 0
706 2 1 1 1 0 0 0 0 0
708 2 1 1 1 0 0 1 0 0
711 1 0 0 0 0 0 1 0 0
714 9 0 0 8 0 0 0 0 0
fn=_dl_allocate_tls_storage
97 1 0 0 2 0 0 0 0 0
103 1 0 0 2 0 0 0 0 0
465 1 0 0 1 0 0 0 0 0
469 2 0 0 0 0 0 1 1 1
470 1 0 0 0 0 0 0 0 0
471 2 0 0 0 0 0 0 0 0
480 2 0 0 0 0 0 1 0 0
517 8 1 1 0 0 0 4 0 0
523 2 0 0 1 0 0 0 0 0
525 2 0 0 0 0 0 0 0 0
535 1 0 0 0 0 0 1 1 1
540 2 1 1 1 0 0 0 0 0
545 6 0 0 5 0 0 0 0 0
fn=_dl_assign_tls_modid
161 4 1 1 0 0 0 1 0 0
164 2 0 0 1 0 0 0 0 0
177 1 0 0 1 0 0 0 0 0
217 1 0 0 0 0 0 0 0 0
219 1 0 0 0 0 0 1 0 0
222 1 0 0 0 0 0 1 0 0
223 2 0 0 2 0 0 0 0 0
fn=_dl_count_modids
228 1 1 1 0 0 0 0 0 0
230 2 0 0 1 0 0 0 0 0
231 1 1 1 1 1 1 0 0 0
246 2 0 0 1 0 0 0 0 0
fn=_dl_determine_tlsoffset
251 8 1 1 0 0 0 5 0 0
252 2 0 0 0 0 0 0 0 0
253 1 0 0 0 0 0 0 0 0
254 1 0 0 0 0 0 0 0 0
286 1 0 0 0 0 0 0 0 0
288 11 1 1 1 0 0 0 0 0
289 4 0 0 4 0 0 0 0 0
291 12 1 1 4 0 0 0 0 0
294 3 0 0 1 0 0 0 0 0
295 2 0 0 1 0 0 0 0 0
297 2 1 1 0 0 0 0 0 0
299 4 0 0 0 0 0 0 0 0
315 8 0 0 0 0 0 0 0 0
318 1 0 0 0 0 0 0 0 0
320 5 0 0 0 0 0 0 0 0
323 1 0 0 0 0 0 0 0 0
327 1 0 0 0 0 0 1 0 0
344 3 0 0 0 0 0 0 0 0
350 9 2 2 0 0 0 0 0 0
361 3 0 0 0 0 0 1 0 0
363 1 0 0 0 0 0 1 0 0
364 7 0 0 1 0 0 0 0 0
366 2 0 0 0 0 0 1 0 0
455 1 0 0 0 0 0 1 0 0
456 7 0 0 6 0 0 0 0 0
fn=_dl_tls_initial_modid_limit_setup
1138 1 1 1 0 0 0 0 0 0
1139 1 0 0 1 0 0 0 0 0
1142 7 0 0 1 0 0 0 0 0
1144 6 0 0 2 0 0 0 0 0
1145 4 0 0 0 0 0 0 0 0
1148 2 0 0 1 0 0 0 0 0
1151 1 0 0 0 0 0 1 0 0
1152 1 0 0 1 0 0 0 0 0
fn=_dl_tls_static_surplus_init
119 3 0 0 0 0 0 0 0 0
133 8 1 1 0 0 0 4 0 0
136 5 1 1 1 0 0 1 0 0
137 5 0 0 1 0 0 1 0 0
138 3 0 0 0 0 0 0 0 0
140 4 1 1 0 0 0 0 0 0
143 1 0 0 0 0 0 0 0 0
145 1 0 0 0 0 0 1 0 0
147 3 0 0 0 0 0 1 0 0
148 6 0 0 5 0 0 0 0 0
fl=./elf/../include/list.h
fn=__tls_init_tp
43 2 0 0 1 0 0 1 0 0
44 2 0 0 0 0 0 1 0 0
45 1 1 1 0 0 0 1 0 0
47 1 0 0 0 0 0 1 0 0
fl=./elf/../include/rtld-malloc.h
fn=__minimal_calloc
56 8 0 0 8 0 0 0 0 0
fn=_dl_allocate_tls_storage
44 2 0 0 1 0 0 1 0 0
56 1 0 0 1 0 0 1 0 0
fn=_dl_check_map_versions
44 9 0 0 3 0 0 3 0 0
fn=_dl_find_object_init
56 1 0 0 1 0 0 1 0 0
fn=_dl_important_hwcaps
56 4 0 0 2 0 0 2 0 0
fn=_dl_init_paths
56 4 0 0 3 0 0 3 0 0
fn=_dl_map_object_deps
56 6 1 1 3 0 0 3 0 0
fn=_dl_new_object
44 9 0 0 3 0 0 3 0 0
56 6 0 0 2 0 0 2 0 0
fn=fillin_rpath.isra.0
50 2 1 1 2 0 0 1 0 0
51 1 0 0 0 0 0 0 0 0
56 2 0 0 1 0 0 1 0 0
fn=init_tls
44 3 0 0 1 0 0 1 0 0
fl=./elf/../include/scratch_buffer.h
fn=_dl_map_object_deps
77 3 0 0 0 0 0 2 1 1
78 1 0 0 0 0 0 1 0 0
85 3 1 1 2 0 0 0 0 0
131 6 0 0 0 0 0 2 0 0
fl=./elf/../include/stackinfo.h
fn=_dl_map_object_from_fd
62 96 1 1 18 0 0 16 1 1
fn=dl_main
62 8 1 1 1 0 0 1 0 0
fl=./elf/../misc/sbrk.c
fn=sbrk
37 5 1 1 0 0 0 1 0 0
40 1 0 0 1 0 0 0 0 0
58 2 0 0 0 0 0 0 0 0
62 2 0 0 0 0 0 0 0 0
78 3 1 1 2 0 0 0 0 0
fl=./elf/../nptl/nptl-stack.h
fn=__libc_early_init
61 7 0 0 2 1 0 0 0 0
fl=./elf/../sysdeps/generic/dl-cache.h
fn=_dl_load_cache_lookup
125 1 0 0 1 0 0 0 0 0
194 1 0 0 1 0 0 0 0 0
195 5 1 1 0 0 0 0 0 0
fl=./elf/../sysdeps/generic/dl-call_tls_init_tp.h
fn=init_tls
31 8 1 1 0 0 0 2 0 0
33 1 0 0 0 0 0 1 0 0
fl=./elf/../sysdeps/generic/dl-debug.h
fn=dl_main
29 4 0 0 2 0 0 0 0 0
30 1 0 0 0 0 0 1 0 0
fl=./elf/../sysdeps/generic/dl-new-hash.h
fn=_dl_lookup_symbol_x
69 98 1 1 0 0 0 0 0 0
70 196 0 0 0 0 0 0 0 0
74 786 0 0 786 87 87 0 0 0
77 1572 0 0 0 0 0 0 0 0
80 734 0 0 734 12 12 0 0 0
81 1468 0 0 0 0 0 0 0 0
87 46 1 1 0 0 0 0 0 0
88 46 0 0 0 0 0 0 0 0
89 92 0 0 0 0 0 0 0 0
90 46 0 0 0 0 0 0 0 0
99 688 0 0 0 0 0 0 0 0
101 688 0 0 0 0 0 0 0 0
102 1376 0 0 0 0 0 0 0 0
104 688 0 0 0 0 0 0 0 0
105 688 0 0 0 0 0 0 0 0
fl=./elf/../sysdeps/generic/dl-protected.h
fn=do_lookup_x
29 378 0 0 98 0 0 98 0 0
fl=./elf/../sysdeps/generic/ldsodefs.h
fn=_dl_lookup_map
96 18 1 1 6 0 0 0 0 0
99 10 0 0 6 0 0 0 0 0
100 4 0 0 2 0 0 0 0 0
fn=_dl_map_object_from_fd
96 8 2 2 4 0 0 0 0 0
99 4 0 0 1 0 0 0 0 0
100 2 0 0 1 0 0 0 0 0
fn=_dl_relocate_object_no_relro
79 23 1 1 9 0 0 0 0 0
152 300 0 0 100 0 0 0 0 0
fn=_dl_start
79 6 1 1 3 0 0 0 0 0
fn=dl_main
79 2 0 0 1 0 0 1 0 0
96 7 2 2 3 0 0 0 0 0
99 4 0 0 3 0 0 0 0 0
100 1 0 0 1 0 0 0 0 0
fn=do_lookup_x
151 182 1 1 91 0 0 0 0 0
152 273 0 0 0 0 0 0 0 0
fl=./elf/../sysdeps/nptl/dl-mutex.c
fn=__rtld_mutex_init
30 5 0 0 0 0 0 3 0 0
37 1 0 0 1 0 0 0 0 0
40 6 1 1 0 0 0 1 0 0
44 2 0 0 0 0 0 0 0 0
45 10 1 1 3 0 0 1 0 0
47 7 0 0 0 0 0 1 0 0
51 2 0 0 0 0 0 0 0 0
52 7 1 1 3 0 0 1 0 0
53 4 0 0 4 0 0 0 0 0
fl=./elf/../sysdeps/nptl/dl-tls_init_tp.c
fn=__tls_init_tp
69 4 1 1 0 0 0 1 0 0
70 1 0 0 1 0 0 0 0 0
73 1 0 0 0 0 0 0 0 0
76 4 0 0 0 0 0 1 0 0
77 2 0 0 0 0 0 1 0 0
78 1 1 1 0 0 0 1 0 0
79 1 0 0 0 0 0 1 0 0
84 2 0 0 1 0 0 1 0 0
89 4 0 0 0 0 0 1 0 0
92 1 0 0 0 0 0 1 0 0
95 3 0 0 0 0 0 0 0 0
111 4 1 1 0 0 0 1 0 0
113 1 0 0 0 0 0 1 0 0
119 2 0 0 1 0 0 1 0 0
120 2 0 0 2 0 0 0 0 0
fn=__tls_pre_init_tp
54 4 2 2 0 0 0 0 0 0
57 9 0 0 0 0 0 3 1 1
62 2 0 0 0 0 0 1 0 0
63 1 0 0 0 0 0 1 0 0
65 1 0 0 1 0 0 0 0 0
fn=rtld_mutex_dummy
43 8 0 0 0 0 0 0 0 0
45 16 0 0 8 0 0 0 0 0
fl=./elf/../sysdeps/nptl/pthread_early_init.h
fn=__libc_early_init
33 6 0 0 0 0 0 1 0 0
34 1 0 0 1 0 0 0 0 0
38 5 1 1 0 0 0 0 0 0
45 2 0 0 2 0 0 0 0 0
46 1 0 0 0 0 0 0 0 0
48 2 1 1 0 0 0 0 0 0
52 5 0 0 0 0 0 1 0 0
53 1 0 0 0 0 0 1 1 1
54 1 0 0 0 0 0 1 1 1
56 1 0 0 0 0 0 1 0 0
fl=./elf/../sysdeps/posix/dl-fileid.h
fn=_dl_map_object_from_fd
37 8 0 0 0 0 0 2 1 1
40 4 0 0 2 0 0 2 0 0
41 4 1 1 2 0 0 2 0 0
49 12 0 0 6 1 1 0 0 0
fl=./elf/../sysdeps/unix/sysv/linux/brk.c
fn=brk
36 1 1 1 0 0 0 0 0 0
37 1 0 0 0 0 0 1 1 1
38 2 0 0 0 0 0 0 0 0
44 1 0 0 0 0 0 0 0 0
45 1 0 0 1 0 0 0 0 0
fl=./elf/../sysdeps/unix/sysv/linux/brk_call.h
fn=brk
24 2 0 0 0 0 0 0 0 0
fl=./elf/../sysdeps/unix/sysv/linux/dl-extra_tls.h
fn=_dl_determine_tlsoffset
32 4 1 1 0 0 0 1 0 0
33 3 0 0 1 0 0 0 0 0
37 10 1 1 2 0 0 0 0 0
44 1 0 0 0 0 0 0 0 0
51 4 0 0 0 0 0 1 0 0
52 3 0 0 1 0 0 0 0 0
54 1 1 1 1 0 0 0 0 0
fl=./elf/../sysdeps/unix/sysv/linux/dl-osinfo.h
fn=dl_main
39 2 0 0 1 0 0 0 0 0
52 1 0 0 1 0 0 0 0 0
fl=./elf/../sysdeps/unix/sysv/linux/dl-parse_auxv.h
fn=_dl_sysdep_parse_arguments
33 2 0 0 0 0 0 1 0 0
34 1 1 1 0 0 0 1 0 0
35 1 0 0 0 0 0 1 0 0
42 92 1 1 23 6 6 0 0 0
43 44 0 0 0 0 0 0 0 0
44 44 0 0 22 0 0 22 0 0
46 1 0 0 0 0 0 1 0 0
47 2 1 1 1 0 0 1 0 0
48 2 0 0 1 0 0 1 1 1
49 2 0 0 1 0 0 1 0 0
50 2 0 0 1 0 0 1 0 0
51 2 0 0 1 0 0 1 0 0
52 2 1 1 1 0 0 1 0 0
53 2 0 0 1 0 0 1 0 0
54 3 0 0 2 0 0 1 0 0
55 4 0 0 2 0 0 2 0 0
57 4 1 1 2 0 0 2 1 1
65 5 0 0 1 0 0 1 0 0
67 6 1 1 2 0 0 1 1 1
fl=./elf/../sysdeps/unix/sysv/linux/dl-sysdep.c
fn=_dl_sysdep_parse_arguments
78 8 1 1 0 0 0 6 1 1
79 2 0 0 1 1 1 1 0 0
80 2 0 0 0 0 0 1 0 0
81 3 0 0 0 0 0 1 1 1
82 58 1 1 0 0 0 0 0 0
83 119 0 0 59 7 7 0 0 0
86 2 0 0 0 0 0 1 1 1
90 56 0 0 0 0 0 52 7 7
93 2 0 0 1 0 0 1 0 0
94 4 0 0 2 0 0 2 0 0
95 2 0 0 1 0 0 1 0 0
96 8 0 0 7 0 0 0 0 0
fn=_dl_sysdep_start
102 6 1 1 0 0 0 2 1 1
103 1 0 0 0 0 0 1 0 0
106 2 0 0 0 0 0 1 0 0
110 2 0 0 1 0 0 1 0 0
113 1 0 0 0 0 0 1 0 0
115 2 0 0 0 0 0 1 0 0
122 3 1 1 1 0 0 0 0 0
123 2 0 0 0 0 0 2 0 0
125 5 0 0 0 0 0 1 0 0
137 3 0 0 1 0 0 0 0 0
140 5 1 1 3 0 0 1 0 0
143 4 0 0 4 1 0 0 0 0
fn=_dl_sysdep_start_cleanup
147 1 1 1 0 0 0 0 0 0
148 1 0 0 1 0 0 0 0 0
fl=./elf/../sysdeps/unix/sysv/linux/dl-vdso-setup.h
fn=dl_main
30 1 0 0 0 0 0 1 0 0
33 1 0 0 0 0 0 1 0 0
36 1 0 0 0 0 0 1 0 0
39 1 0 0 0 0 0 1 0 0
45 1 0 0 0 0 0 1 0 0
54 1 0 0 0 0 0 1 0 0
fl=./elf/../sysdeps/unix/sysv/linux/dl-vdso.h
fn=dl_main
40 2 1 1 1 0 0 0 0 0
41 5 1 1 0 0 0 2 0 0
55 2 1 1 0 0 0 0 0 0
fl=./elf/../sysdeps/unix/sysv/linux/rseq-internal.h
fn=__tls_init_tp
93 4 0 0 2 0 0 1 0 0
100 3 0 0 1 0 0 0 0 0
108 4 1 1 1 0 0 0 0 0
112 5 0 0 0 0 0 2 0 0
116 2 1 1 1 0 0 1 0 0
118 5 0 0 1 0 0 0 0 0
119 2 0 0 0 0 0 0 0 0
124 1 0 0 0 0 0 1 0 0
fl=./elf/../sysdeps/unix/sysv/linux/x86/dl-hwcap2.h
fn=update_active.constprop.0
25 2 0 0 1 0 0 0 0 0
fl=./elf/../sysdeps/unix/sysv/linux/x86/dl-minsigstacksize.h
fn=get_common_indices.constprop.0
24 2 1 1 1 0 0 0 0 0
27 2 0 0 1 0 0 0 0 0
81 1 1 1 0 0 0 1 0 0
fl=./elf/../sysdeps/x86/cpu-features.c
fn=get_common_indices.constprop.0
431 3 1 1 0 0 0 2 0 0
435 4 0 0 0 0 0 0 0 0
438 5 0 0 0 0 0 3 1 1
442 1 0 0 0 0 0 1 0 0
443 4 1 1 0 0 0 1 0 0
444 4 0 0 0 0 0 1 0 0
445 4 0 0 0 0 0 1 0 0
446 3 0 0 0 0 0 1 0 0
447 2 1 1 1 0 0 0 0 0
454 2 0 0 1 0 0 0 0 0
456 7 0 0 0 0 0 4 0 0
461 7 0 0 0 0 0 4 1 1
468 2 1 1 1 0 0 0 0 0
490 3 0 0 3 0 0 0 0 0
fn=init_cpu_features.constprop.0
409 3 0 0 0 0 0 0 0 0
410 2 0 0 0 0 0 0 0 0
411 6 1 1 0 0 0 4 1 1
416 2 0 0 0 0 0 0 0 0
417 6 0 0 0 0 0 4 1 1
422 2 1 1 0 0 0 0 0 0
423 8 0 0 0 0 0 4 0 0
565 4 1 1 1 1 1 0 0 0
728 8 1 1 0 0 0 6 0 0
731 1 0 0 0 0 0 1 0 0
732 1 0 0 0 0 0 1 0 0
733 1 0 0 0 0 0 1 0 0
740 1 1 1 1 1 1 0 0 0
742 1 0 0 0 0 0 1 1 1
751 3 0 0 0 0 0 1 0 0
754 6 1 1 0 0 0 0 0 0
755 1 1 1 0 0 0 0 0 0
758 1 0 0 0 0 0 0 0 0
760 6 0 0 0 0 0 1 0 0
765 1 0 0 0 0 0 1 0 0
769 1 0 0 1 0 0 0 0 0
770 3 0 0 0 0 0 1 0 0
773 3 0 0 1 0 0 0 0 0
775 4 1 1 2 0 0 1 0 0
781 7 0 0 0 0 0 0 0 0
788 1 0 0 1 0 0 0 0 0
809 1 0 0 1 0 0 0 0 0
811 2 1 1 1 0 0 1 0 0
847 6 1 1 1 1 1 0 0 0
908 2 1 1 0 0 0 1 0 0
917 1 1 1 0 0 0 1 0 0
918 2 1 1 0 0 0 0 0 0
968 2 0 0 1 0 0 0 0 0
975 2 0 0 1 0 0 0 0 0
977 2 0 0 0 0 0 1 0 0
981 2 0 0 0 0 0 0 0 0
987 2 1 1 1 0 0 0 0 0
1148 3 1 1 1 0 0 0 0 0
1149 2 0 0 0 0 0 1 0 0
1152 2 0 0 0 0 0 0 0 0
1153 2 0 0 0 0 0 1 0 0
1156 4 0 0 0 0 0 0 0 0
1157 2 0 0 0 0 0 1 0 0
1163 1 0 0 0 0 0 1 0 0
1164 1 0 0 0 0 0 1 0 0
1165 1 1 1 0 0 0 1 0 0
1166 1 0 0 0 0 0 1 0 0
1170 4 0 0 0 0 0 1 0 0
1173 4 1 1 0 0 0 1 0 0
1182 3 0 0 1 0 0 0 0 0
1185 1 0 0 0 0 0 0 0 0
1186 1 0 0 1 0 0 0 0 0
1189 2 0 0 0 0 0 1 0 0
1196 4 1 1 0 0 0 1 0 0
1199 1 0 0 0 0 0 1 0 0
1208 2 1 1 0 0 0 1 0 0
1219 4 1 1 2 1 1 1 0 0
1225 1 0 0 1 0 0 0 0 0
1229 1 0 0 1 0 0 0 0 0
1231 1 0 0 1 0 0 0 0 0
1236 1 0 0 0 0 0 1 0 0
1237 2 0 0 1 0 0 0 0 0
1241 3 0 0 1 0 0 0 0 0
1258 3 1 1 0 0 0 0 0 0
1259 3 0 0 0 0 0 0 0 0
1282 4 0 0 0 0 0 1 0 0
1284 4 1 1 0 0 0 1 0 0
1288 2 0 0 1 0 0 0 0 0
1294 1 0 0 0 0 0 1 1 1
1297 1 0 0 0 0 0 1 0 0
1329 4 0 0 0 0 0 1 0 0
1336 8 0 0 7 0 0 0 0 0
fn=update_active.constprop.0
90 7 1 1 0 0 0 6 0 0
94 1 1 1 1 0 0 0 0 0
102 3 0 0 1 0 0 0 0 0
103 3 0 0 0 0 0 0 0 0
104 2 0 0 1 0 0 1 0 0
112 3 0 0 1 0 0 1 0 0
113 1 0 0 1 0 0 0 0 0
121 4 0 0 1 0 0 1 0 0
122 1 0 0 1 0 0 0 0 0
127 4 1 1 0 0 0 1 0 0
130 5 1 1 1 0 0 1 0 0
131 1 0 0 1 0 0 0 0 0
134 5 0 0 1 0 0 2 0 0
135 2 0 0 1 0 0 1 0 0
139 5 1 1 1 0 0 1 0 0
140 3 0 0 2 0 0 0 0 0
141 3 1 1 2 0 0 0 0 0
142 2 0 0 1 0 0 1 0 0
146 5 0 0 1 0 0 1 0 0
147 5 0 0 2 0 0 1 0 0
148 3 0 0 2 1 1 0 0 0
150 2 1 1 0 0 0 0 0 0
151 4 0 0 0 0 0 1 0 0
165 2 0 0 0 0 0 0 0 0
389 2 1 1 0 0 0 0 0 0
393 3 1 1 1 0 0 0 0 0
402 1 0 0 0 0 0 1 0 0
403 7 0 0 7 0 0 0 0 0
fl=./elf/../sysdeps/x86/dl-cacheinfo.h
fn=get_common_cache_info.constprop.0
624 11 1 1 0 0 0 6 0 0
639 1 0 0 1 0 0 0 0 0
642 1 0 0 1 0 0 0 0 0
643 1 0 0 1 0 0 0 0 0
649 1 0 0 0 0 0 1 0 0
651 13 1 1 4 0 0 2 0 0
654 2 0 0 0 0 0 0 0 0
666 1 0 0 0 0 0 1 0 0
671 4 1 1 1 0 0 0 0 0
675 2 0 0 0 0 0 0 0 0
680 1 0 0 0 0 0 0 0 0
683 16 1 1 0 0 0 1 0 0
690 8 0 0 0 0 0 0 0 0
693 26 1 1 0 0 0 0 0 0
698 2 0 0 0 0 0 0 0 0
702 3 0 0 0 0 0 0 0 0
703 2 0 0 0 0 0 0 0 0
707 2 0 0 0 0 0 0 0 0
711 3 0 0 0 0 0 1 0 0
714 4 0 0 0 0 0 1 0 0
715 1 0 0 0 0 0 0 0 0
720 4 0 0 0 0 0 0 0 0
726 4 1 1 0 0 0 0 0 0
730 3 0 0 1 0 0 0 0 0
734 7 0 0 1 0 0 0 0 0
736 3 0 0 1 0 0 0 0 0
738 4 0 0 0 0 0 0 0 0
740 7 1 1 0 0 0 0 0 0
742 2 0 0 0 0 0 0 0 0
744 8 0 0 0 0 0 0 0 0
746 4 0 0 0 0 0 0 0 0
749 2 0 0 0 0 0 0 0 0
754 1 0 0 0 0 0 0 0 0
756 4 1 1 0 0 0 0 0 0
757 3 0 0 0 0 0 0 0 0
758 1 0 0 0 0 0 0 0 0
761 2 0 0 0 0 0 0 0 0
764 2 1 1 0 0 0 0 0 0
771 1 0 0 1 0 0 0 0 0
773 4 0 0 0 0 0 0 0 0
774 2 1 1 0 0 0 1 0 0
779 2 0 0 0 0 0 0 0 0
784 2 0 0 0 0 0 0 0 0
785 1 0 0 0 0 0 0 0 0
786 3 0 0 1 0 0 0 0 0
787 1 0 0 1 0 0 0 0 0
812 3 1 1 1 0 0 0 0 0
823 4 0 0 0 0 0 0 0 0
824 5 1 1 0 0 0 0 0 0
828 2 0 0 1 0 0 0 0 0
835 1 0 0 0 0 0 1 0 0
836 1 0 0 0 0 0 1 0 0
837 1 0 0 0 0 0 1 0 0
838 7 0 0 7 0 0 0 0 0
fn=handle_intel.constprop.0
261 108 0 0 0 0 0 72 0 0
266 24 1 1 12 0 0 0 0 0
272 12 0 0 0 0 0 12 0 0
278 48 0 0 0 0 0 12 0 0
282 24 0 0 0 0 0 0 0 0
287 24 1 1 0 0 0 0 0 0
290 36 0 0 0 0 0 12 0 0
292 24 0 0 0 0 0 0 0 0
295 60 1 1 0 0 0 12 0 0
297 24 0 0 0 0 0 0 0 0
300 45 0 0 0 0 0 9 0 0
302 18 0 0 0 0 0 0 0 0
305 45 0 0 9 0 0 9 0 0
307 18 0 0 0 0 0 0 0 0
311 27 0 0 0 0 0 0 0 0
316 96 0 0 84 0 0 0 0 0
fn=init_cpu_features.constprop.0
861 2 0 0 0 0 0 0 0 0
863 4 1 1 0 0 0 3 0 0
864 3 0 0 0 0 0 2 0 0
865 2 1 1 0 0 0 2 0 0
868 3 0 0 0 0 0 2 0 0
870 3 0 0 0 0 0 2 0 0
871 2 0 0 1 0 0 1 0 0
873 3 1 1 0 0 0 2 0 0
875 3 0 0 0 0 0 2 0 0
877 3 0 0 0 0 0 2 0 0
879 3 0 0 0 0 0 2 0 0
881 3 0 0 0 0 0 2 0 0
882 2 1 1 1 0 0 1 0 0
884 3 0 0 0 0 0 2 0 0
886 3 0 0 0 0 0 2 0 0
888 3 0 0 0 0 0 2 0 0
890 6 1 1 1 0 0 2 0 0
964 2 1 1 1 0 0 1 1 1
965 2 0 0 1 0 0 1 0 0
966 2 0 0 1 0 0 1 0 0
967 2 0 0 1 0 0 1 0 0
968 2 1 1 1 0 0 1 0 0
969 1 0 0 0 0 0 1 0 0
970 1 0 0 0 0 0 1 0 0
971 2 0 0 1 0 0 1 0 0
972 1 0 0 0 0 0 1 0 0
973 2 1 1 1 0 0 1 0 0
974 1 0 0 0 0 0 1 0 0
975 1 0 0 0 0 0 1 0 0
980 3 0 0 0 0 0 0 0 0
995 7 1 1 5 0 0 2 0 0
1000 2 0 0 0 0 0 0 0 0
1001 7 0 0 3 0 0 0 0 0
1010 6 0 0 0 0 0 1 0 0
1011 2 0 0 0 0 0 0 0 0
1031 6 1 1 0 0 0 0 0 0
1040 2 0 0 0 0 0 0 0 0
1041 2 0 0 0 0 0 0 0 0
1046 2 1 1 0 0 0 0 0 0
1054 1 0 0 0 0 0 0 0 0
1055 2 0 0 0 0 0 1 0 0
1060 3 1 1 1 0 0 0 0 0
1066 3 0 0 0 0 0 1 0 0
1073 5 0 0 1 0 0 1 0 0
1075 1 0 0 0 0 0 0 0 0
1076 5 1 1 2 0 0 2 0 0
1078 5 0 0 1 0 0 1 0 0
1080 1 0 0 0 0 0 0 0 0
1086 3 1 1 1 0 0 0 0 0
1090 5 0 0 1 0 0 1 0 0
1091 3 0 0 0 0 0 0 0 0
1095 5 0 0 1 0 0 1 0 0
1096 3 0 0 0 0 0 0 0 0
1100 5 1 1 1 0 0 1 0 0
1101 1 0 0 1 0 0 0 0 0
1107 6 1 1 1 0 0 2 0 0
1109 2 0 0 1 0 0 0 0 0
1133 12 0 0 1 0 0 7 0 0
1139 3 1 1 2 0 0 0 0 0
1141 7 1 1 1 0 0 2 0 0
1142 9 0 0 1 0 0 5 0 0
1144 10 1 1 2 0 0 5 0 0
1145 10 1 1 2 0 0 5 0 0
1146 13 2 2 1 0 0 6 0 0
1149 12 1 1 2 0 0 5 0 0
1157 2 0 0 1 0 0 1 0 0
1158 7 1 1 3 0 0 3 0 0
1159 2 0 0 1 0 0 1 0 0
1160 2 0 0 1 0 0 1 0 0
1161 1 0 0 0 0 0 1 0 0
1162 2 0 0 1 0 0 1 0 0
1163 1 0 0 0 0 0 1 0 0
fn=intel_check_word.constprop.0
120 1302 0 0 651 8 8 0 0 0
123 621 0 0 0 0 0 0 0 0
129 264 1 1 0 0 0 165 0 0
133 84 1 1 0 0 0 0 0 0
135 31 1 1 0 0 0 0 0 0
139 231 0 0 0 0 0 0 0 0
141 264 0 0 0 0 0 0 0 0
143 99 0 0 0 0 0 0 0 0
145 297 2 2 0 0 0 0 0 0
153 198 1 1 0 0 0 0 0 0
204 396 0 0 0 0 0 0 0 0
212 165 0 0 66 0 0 0 0 0
219 33 0 0 0 0 0 0 0 0
226 330 1 1 0 0 0 0 0 0
232 120 0 0 30 0 0 0 0 0
234 11 1 1 0 0 0 0 0 0
236 22 0 0 0 0 0 0 0 0
238 8 2 2 4 0 0 0 0 0
239 14 0 0 0 0 0 0 0 0
240 6 0 0 3 0 0 0 0 0
242 8 0 0 0 0 0 0 0 0
243 8 0 0 4 0 0 0 0 0
246 38 0 0 0 0 0 0 0 0
247 3 0 0 0 0 0 3 0 0
257 207 0 0 207 0 0 0 0 0
fl=./elf/../sysdeps/x86/dl-get-cpu-features.c
fn=__x86_cpu_features
39 3 0 0 1 0 0 0 0 0
76 3 1 1 1 0 0 0 0 0
fn=_dl_x86_init_cpu_features
37 1 1 1 0 0 0 0 0 0
39 3 0 0 1 0 0 0 0 0
41 1 0 0 0 0 0 0 0 0
fl=./elf/../sysdeps/x86/dl-isa-level.h
fn=_dl_load_cache_lookup
28 6 0 0 2 0 0 2 0 0
fl=./elf/../sysdeps/x86/dl-prop.h
fn=_dl_map_object_from_fd
149 12 0 0 6 0 0 0 0 0
fn=_dl_process_pt_gnu_property
95 20 0 0 0 0 0 0 0 0
102 10 0 0 0 0 0 0 0 0
115 10 0 0 0 0 0 0 0 0
118 5 0 0 5 1 1 0 0 0
252 4 0 0 0 0 0 0 0 0
253 2 0 0 0 0 0 2 0 0
254 6 1 1 0 0 0 0 0 0
255 3 0 0 0 0 0 3 0 0
257 20 2 2 5 0 0 5 0 0
260 6 0 0 3 0 0 0 0 0
fn=dl_main
36 2 0 0 2 0 0 0 0 0
37 12 0 0 1 0 0 0 0 0
40 4 0 0 4 2 0 0 0 0
49 22 0 0 7 0 0 0 0 0
53 20 1 1 6 0 0 0 0 0
71 3 1 1 1 0 0 1 0 0
149 6 1 1 3 0 0 0 0 0
fl=./elf/../sysdeps/x86/get-isa-level.h
fn=_dl_hwcaps_subdirs_active
31 4 0 0 1 0 0 0 0 0
32 3 1 1 1 0 0 0 0 0
39 5 0 0 1 0 0 0 0 0
40 4 0 0 1 0 0 0 0 0
48 3 0 0 0 0 0 0 0 0
fn=update_active.constprop.0
28 1 0 0 0 0 0 0 0 0
31 3 1 1 0 0 0 0 0 0
32 3 1 1 1 0 0 0 0 0
39 4 0 0 0 0 0 0 0 0
40 3 0 0 1 0 0 0 0 0
47 1 0 0 0 0 0 0 0 0
48 3 1 1 0 0 0 0 0 0
fl=./elf/../sysdeps/x86_64/dl-cet.c
fn=_dl_cet_check
145 2 0 0 1 0 0 0 0 0
150 1 0 0 0 0 0 0 0 0
157 3 0 0 1 0 0 0 0 0
174 2 0 0 0 0 0 0 0 0
179 1 0 0 0 0 0 1 0 0
275 2 0 0 0 0 0 0 0 0
276 1 0 0 0 0 0 1 0 0
277 2 0 0 1 0 0 0 0 0
282 4 0 0 1 0 0 1 0 0
283 3 0 0 0 0 0 1 0 0
285 1 1 1 0 0 0 1 0 0
288 2 0 0 0 0 0 0 0 0
293 2 0 0 0 0 0 0 0 0
296 1 0 0 0 0 0 1 0 0
300 2 0 0 0 0 0 0 0 0
302 2 1 1 0 0 0 0 0 0
303 2 0 0 0 0 0 0 0 0
304 1 0 0 0 0 0 0 0 0
305 2 0 0 0 0 0 0 0 0
313 2 1 1 0 0 0 0 0 0
361 5 1 1 0 0 0 1 0 0
363 2 0 0 2 0 0 0 0 0
fn=_dl_cet_setup_features
331 1 1 1 0 0 0 0 0 0
334 2 0 0 0 0 0 0 0 0
350 1 1 1 1 0 0 0 0 0
fl=./elf/../sysdeps/x86_64/dl-hwcaps-subdirs.c
fn=_dl_hwcaps_subdirs_active
29 1 1 1 0 0 0 0 0 0
38 2 0 0 0 0 0 0 0 0
43 1 0 0 0 0 0 0 0 0
52 2 0 0 1 0 0 0 0 0
fl=./elf/../sysdeps/x86_64/dl-machine.h
fn=_dl_relocate_object_no_relro
78 8 0 0 2 0 0 0 0 0
262 228 0 0 0 0 0 0 0 0
269 228 1 1 0 0 0 0 0 0
273 228 0 0 0 0 0 0 0 0
282 1270 3 3 508 0 0 0 0 0
286 522 2 2 0 0 0 0 0 0
302 7 1 1 0 0 0 0 0 0
312 684 0 0 114 3 3 0 0 0
315 17 0 0 0 0 0 17 0 0
318 17 0 0 0 0 0 0 0 0
395 45 1 1 15 0 0 0 0 0
397 60 0 0 15 1 0 0 0 0
401 45 1 1 30 2 2 0 0 0
410 30 0 0 15 0 0 15 5 5
418 200 1 1 101 0 0 99 16 16
471 94 0 0 94 0 0 0 0 0
473 47 0 0 0 0 0 47 0 0
474 47 0 0 0 0 0 47 1 0
493 18 0 0 6 4 3 0 0 0
498 12 0 0 0 0 0 0 0 0
499 24 0 0 12 0 0 6 4 2
725 24 1 1 12 0 0 0 0 0
729 6 0 0 3 0 0 0 0 0
fn=_dl_start
55 2 1 1 0 0 0 0 0 0
273 3 0 0 0 0 0 0 0 0
282 10 1 1 4 1 1 0 0 0
286 4 0 0 0 0 0 0 0 0
312 4 0 0 0 0 0 0 0 0
fn=_dl_sysdep_start
209 1 0 0 0 0 0 1 0 0
fl=./elf/./dl-find_object.h
fn=_dl_find_object_from_map
103 8 0 0 0 0 0 0 0 0
105 8 1 1 4 0 0 4 2 1
106 8 0 0 4 0 0 4 0 0
107 4 0 0 0 0 0 4 1 1
115 8 0 0 0 0 0 4 1 1
116 8 0 0 0 0 0 4 0 0
121 16 1 1 8 2 0 0 0 0
122 164 0 0 0 0 0 0 0 0
124 252 0 0 52 25 0 0 0 0
127 12 0 0 8 1 0 4 0 0
132 4 1 1 0 0 0 0 0 0
143 8 0 0 0 0 0 0 0 0
148 4 0 0 4 0 0 0 0 0
149 4 0 0 4 0 0 0 0 0
fl=./elf/./dl-hwcaps.h
fn=_dl_important_hwcaps
43 14 1 1 0 0 0 6 0 0
45 6 0 0 0 0 0 6 0 0
46 1 0 0 0 0 0 0 0 0
77 8 0 0 3 0 0 5 0 0
78 8 0 0 3 0 0 5 0 0
79 5 0 0 0 0 0 0 0 0
fl=./elf/./dl-load.h
fn=_dl_map_object_from_fd
91 16 1 1 8 0 0 0 0 0
92 4 1 1 2 0 0 0 0 0
93 5 0 0 1 0 0 0 0 0
94 3 1 1 1 0 0 0 0 0
96 4 0 0 0 0 0 1 0 0
fl=./elf/./dl-main.h
fn=dl_main
109 5 1 1 4 0 0 1 0 0
fl=./elf/./dl-map-segments.h
fn=_dl_map_object_from_fd
29 6 0 0 2 0 0 0 0 0
30 16 0 0 8 0 0 2 0 0
82 2 0 0 2 0 0 0 0 0
102 2 1 1 0 0 0 2 0 0
103 4 0 0 0 0 0 0 0 0
106 6 0 0 2 0 0 2 0 0
107 4 0 0 0 0 0 2 0 0
109 4 0 0 2 0 0 0 0 0
126 2 1 1 2 0 0 0 0 0
136 32 0 0 8 0 0 0 0 0
138 24 0 0 12 0 0 0 0 0
140 54 1 1 24 0 0 6 0 0
141 6 0 0 0 0 0 0 0 0
150 32 0 0 16 0 0 0 0 0
156 4 0 0 2 0 0 0 0 0
157 2 0 0 0 0 0 0 0 0
158 6 0 0 2 0 0 0 0 0
159 4 0 0 0 0 0 0 0 0
161 6 0 0 0 0 0 0 0 0
166 4 1 1 0 0 0 0 0 0
169 6 0 0 2 0 0 0 0 0
177 18 0 0 4 0 0 6 0 0
183 4 0 0 0 0 0 0 0 0
186 7 0 0 1 0 0 5 0 0
189 9 2 2 1 0 0 2 0 0
192 2 0 0 0 0 0 0 0 0
194 3 1 1 0 0 0 1 0 0
224 8 1 1 0 0 0 0 0 0
fl=./elf/./dl-sym-post.h
fn=lookup_malloc_symbol
41 8 0 0 0 0 0 0 0 0
53 12 0 0 4 0 0 0 0 0
fl=./elf/./dl-tls_block_align.h
fn=_dl_allocate_tls_storage
23 1 0 0 1 0 0 0 0 0
41 2 1 1 1 0 0 0 0 0
47 5 0 0 0 0 0 0 0 0
48 1 0 0 0 0 0 0 0 0
52 305 1 1 0 0 0 297 37 37
fl=./elf/./elf/dl-audit.c
fn=_dl_audit_activity_map
29 1 1 1 0 0 0 0 0 0
31 4 1 1 2 0 0 0 0 0
fn=_dl_audit_activity_nsid
41 3 0 0 0 0 0 0 0 0
45 9 0 0 3 0 0 0 0 0
46 3 1 1 3 1 1 0 0 0
47 15 0 0 3 0 0 0 0 0
fn=_dl_audit_objclose
97 4 1 1 0 0 0 0 0 0
98 16 0 0 8 0 0 0 0 0
fn=_dl_audit_objopen
77 2 1 1 0 0 0 0 0 0
78 8 0 0 4 0 0 0 0 0
fn=_dl_audit_preinit
118 1 1 1 0 0 0 0 0 0
119 4 0 0 2 0 0 0 0 0
fl=./elf/./elf/dl-cache.c
fn=_dl_cache_libcmp
340 22 1 1 0 0 0 0 0 0
341 122 0 0 11 0 0 0 0 0
343 216 0 0 0 0 0 0 0 0
345 110 1 1 54 10 10 0 0 0
351 3 0 0 0 0 0 0 0 0
352 2 0 0 0 0 0 0 0 0
353 47 0 0 44 0 0 0 0 0
355 4 1 1 1 0 0 0 0 0
357 2 1 1 0 0 0 0 0 0
363 106 0 0 0 0 0 0 0 0
365 106 0 0 0 0 0 0 0 0
366 30 0 0 10 0 0 0 0 0
369 43 0 0 0 0 0 0 0 0
370 43 0 0 0 0 0 0 0 0
373 3 0 0 2 0 0 0 0 0
fn=_dl_load_cache_lookup
186 10 0 0 0 0 0 0 0 0
199 2 0 0 0 0 0 0 0 0
206 21 0 0 1 0 0 0 0 0
208 50 1 1 0 0 0 0 0 0
209 20 0 0 10 9 9 0 0 0
213 20 0 0 0 0 0 0 0 0
217 30 0 0 10 0 0 10 0 0
218 20 0 0 0 0 0 0 0 0
226 5 0 0 0 0 0 0 0 0
228 1 0 0 1 0 0 0 0 0
231 2 0 0 0 0 0 0 0 0
233 6 0 0 0 0 0 1 0 0
235 7 1 1 1 0 0 2 0 0
245 2 1 1 1 0 0 0 0 0
255 3 0 0 2 0 0 0 0 0
256 4 0 0 1 0 0 0 0 0
272 5 1 1 0 0 0 0 0 0
281 2 0 0 1 0 0 0 0 0
286 2 0 0 0 0 0 0 0 0
313 2 0 0 0 0 0 1 0 0
329 9 0 0 0 0 0 0 0 0
330 5 1 1 0 0 0 0 0 0
332 4 0 0 0 0 0 0 0 0
386 10 1 1 0 0 0 7 1 1
388 2 0 0 1 0 0 0 0 0
391 3 1 1 1 0 0 0 0 0
394 5 1 1 0 0 0 1 0 0
402 5 1 1 1 0 0 0 0 0
403 8 1 1 3 1 1 0 0 0
406 7 0 0 0 0 0 0 0 0
407 1 0 0 1 0 0 0 0 0
414 1 1 1 0 0 0 1 0 0
415 2 0 0 0 0 0 1 0 0
465 3 0 0 1 0 0 0 0 0
468 2 0 0 0 0 0 1 0 0
483 2 1 1 1 0 0 0 0 0
495 3 0 0 1 0 0 1 0 0
496 15 1 1 1 0 0 0 0 0
497 4 0 0 1 0 0 1 0 0
498 1 0 0 0 0 0 1 0 0
499 15 1 1 9 0 0 1 0 0
fn=_dl_unload_cache
508 3 1 1 0 0 0 1 0 0
509 4 0 0 1 1 0 0 0 0
511 2 0 0 1 0 0 1 0 0
512 1 0 0 0 0 0 1 0 0
516 1 1 1 0 0 0 1 0 0
518 2 0 0 2 0 0 0 0 0
fl=./elf/./elf/dl-call-libc-early-init.c
fn=_dl_call_libc_early_init
27 6 1 1 0 0 0 2 0 0
29 2 0 0 0 0 0 0 0 0
33 7 0 0 0 0 0 2 0 0
37 3 1 1 1 0 0 0 0 0
39 4 0 0 3 0 0 0 0 0
40 2 0 0 0 0 0 0 0 0
41 2 0 0 2 0 0 0 0 0
fl=./elf/./elf/dl-call_fini.c
fn=_dl_call_fini
24 32 1 1 0 0 0 16 0 0
28 8 0 0 4 0 0 0 0 0
32 4 0 0 4 0 0 0 0 0
34 4 0 0 4 4 4 0 0 0
35 8 0 0 0 0 0 0 0 0
38 10 1 1 4 0 0 0 0 0
39 4 0 0 4 3 3 0 0 0
42 10 0 0 0 0 0 0 0 0
43 2 0 0 2 2 2 2 0 0
47 4 0 0 4 4 4 0 0 0
48 8 0 0 0 0 0 0 0 0
49 6 0 0 4 1 1 0 0 0
50 22 1 1 18 0 0 0 0 0
fl=./elf/./elf/dl-catch.c
fn=_dl_catch_error
258 10 1 1 0 0 0 4 0 0
260 5 1 1 0 0 0 1 0 0
261 2 0 0 1 0 0 1 0 0
262 2 0 0 1 0 0 1 0 0
263 2 0 0 1 0 0 1 0 0
265 7 0 0 5 0 0 0 0 0
fn=_dl_catch_exception
58 9 0 0 3 1 1 0 0 0
59 6 1 1 3 1 1 3 0 0
69 6 0 0 3 0 0 0 0 0
70 15 0 0 3 0 0 6 0 0
208 24 2 2 0 0 0 15 2 2
211 6 0 0 0 0 0 0 0 0
218 3 0 0 0 0 0 0 0 0
232 15 1 1 0 0 0 3 1 1
239 18 1 1 0 0 0 3 1 1
241 9 0 0 6 0 0 3 0 0
243 12 0 0 3 0 0 6 0 0
252 9 0 0 9 0 0 0 0 0
fn=_dl_receive_error
58 2 0 0 1 0 0 0 0 0
59 1 1 1 1 0 0 0 0 0
69 2 0 0 1 0 0 0 0 0
70 2 0 0 0 0 0 2 0 0
190 5 1 1 0 0 0 3 0 0
192 1 0 0 1 0 0 0 0 0
196 1 0 0 0 0 0 1 0 0
198 2 0 0 0 0 0 1 0 0
201 1 0 0 0 0 0 1 0 0
202 4 0 0 4 0 0 0 0 0
fl=./elf/./elf/dl-debug.c
fn=_dl_debug_change_state
104 2 1 1 0 0 0 0 0 0
105 2 0 0 0 0 0 2 0 0
107 12 0 0 2 0 0 0 0 0
111 2 0 0 0 0 0 0 0 0
fn=_dl_debug_initialize
76 2 0 0 0 0 0 0 0 0
120 2 1 1 0 0 0 0 0 0
122 2 0 0 1 1 1 0 0 0
127 3 0 0 0 0 0 1 0 0
128 2 1 1 0 0 0 1 0 0
154 1 0 0 0 0 0 1 0 0
157 2 0 0 1 0 0 0 0 0
160 2 1 1 1 0 0 1 0 0
162 3 0 0 1 0 0 0 0 0
169 2 0 0 1 0 0 0 0 0
fn=_dl_debug_post_relocate
46 4 2 2 0 0 0 1 0 0
51 1 0 0 0 0 0 1 0 0
52 10 0 0 1 0 0 3 0 0
54 5 0 0 4 0 0 0 0 0
56 7 1 1 3 0 0 0 0 0
57 3 0 0 0 0 0 0 0 0
70 2 0 0 2 0 0 0 0 0
fn=_dl_debug_update
76 6 0 0 0 0 0 0 0 0
77 3 0 0 0 0 0 0 0 0
94 3 1 1 0 0 0 0 0 0
96 6 0 0 3 1 0 0 0 0
100 3 0 0 3 0 0 0 0 0
fl=./elf/./elf/dl-debug_state.c
fn=_dl_debug_state
28 2 2 1 0 0 0 0 0 0
29 2 0 0 2 0 0 0 0 0
fl=./elf/./elf/dl-deps.c
fn=_dl_map_object_deps
128 2 0 0 0 0 0 2 1 1
129 5 1 1 0 0 0 2 0 0
130 6 0 0 0 0 0 1 0 0
132 3 0 0 0 0 0 1 0 0
136 8 1 1 2 0 0 2 0 0
143 14 2 2 0 0 0 8 1 1
144 20 2 2 1 1 1 0 0 0
160 9 0 0 0 0 0 0 0 0
161 1 0 0 1 0 0 0 0 0
164 1 0 0 0 0 0 1 0 0
182 1 1 1 1 0 0 0 0 0
183 5 0 0 3 0 0 0 0 0
184 1 0 0 0 0 0 1 0 0
186 1 0 0 0 0 0 0 0 0
188 9 0 0 4 0 0 1 1 1
190 12 1 1 0 0 0 6 0 0
193 4 0 0 0 0 0 4 0 0
197 12 0 0 4 0 0 0 0 0
198 25 2 2 11 0 0 0 0 0
201 6 0 0 0 0 0 0 0 0
205 4 0 0 2 0 0 0 0 0
208 16 0 0 8 1 1 0 0 0
210 8 1 1 6 0 0 0 0 0
215 2 1 1 0 0 0 2 0 0
216 2 0 0 0 0 0 2 0 0
217 4 0 0 2 0 0 2 0 0
218 4 0 0 2 0 0 2 0 0
219 2 0 0 0 0 0 2 0 0
221 240 0 0 64 0 0 0 0 0
222 112 0 0 0 0 0 0 0 0
228 24 2 2 4 0 0 4 0 0
230 2 0 0 0 0 0 2 0 0
232 11 2 2 0 0 0 5 0 0
233 4 0 0 2 0 0 0 0 0
242 2 1 1 2 0 0 0 0 0
244 4 0 0 2 0 0 0 0 0
249 14 0 0 2 0 0 0 0 0
252 2 0 0 0 0 0 2 0 0
253 2 0 0 0 0 0 2 0 0
254 2 0 0 0 0 0 2 0 0
255 4 0 0 2 0 0 2 0 0
256 2 0 0 0 0 0 2 0 0
257 2 1 1 2 0 0 0 0 0
259 8 0 0 2 0 0 2 0 0
263 6 1 1 2 0 0 0 0 0
264 3 0 0 0 0 0 1 0 0
266 162 1 1 0 0 0 0 0 0
417 8 1 1 0 0 0 0 0 0
419 8 0 0 0 0 0 4 1 1
422 6 0 0 0 0 0 2 0 0
423 6 1 1 2 0 0 0 0 0
429 2 0 0 0 0 0 2 1 1
430 6 0 0 0 0 0 2 0 0
431 12 0 0 2 0 0 2 0 0
434 2 0 0 0 0 0 2 0 0
435 2 0 0 2 0 0 0 0 0
439 12 1 1 4 0 0 0 0 0
441 4 0 0 4 0 0 0 0 0
442 17 0 0 3 0 0 0 0 0
448 5 1 1 1 0 0 0 0 0
449 1 0 0 0 0 0 1 0 0
452 4 1 1 1 0 0 1 0 0
463 5 0 0 1 0 0 2 0 0
465 4 0 0 2 0 0 0 0 0
470 5 0 0 2 0 0 1 0 0
471 1 0 0 0 0 0 1 0 0
472 2 0 0 0 0 0 0 0 0
474 15 1 1 4 0 0 0 0 0
478 4 1 1 4 0 0 0 0 0
484 8 0 0 0 0 0 0 0 0
485 11 0 0 0 0 0 4 1 1
490 4 0 0 4 0 0 0 0 0
494 2 1 1 0 0 0 0 0 0
495 3 0 0 1 0 0 0 0 0
532 2 1 1 0 0 0 0 0 0
533 2 0 0 0 0 0 0 0 0
547 9 0 0 2 0 0 3 0 0
548 1 0 0 0 0 0 0 0 0
552 9 0 0 1 0 0 2 0 0
553 3 2 2 2 0 0 1 0 0
557 1 0 0 0 0 0 1 0 0
559 2 1 1 1 0 0 1 0 0
560 1 0 0 1 0 0 0 0 0
561 3 0 0 1 0 0 0 0 0
568 3 0 0 1 0 0 0 0 0
571 2 0 0 0 0 0 0 0 0
574 8 0 0 7 0 0 0 0 0
fn=openaux
61 12 1 1 0 0 0 4 0 0
64 22 0 0 8 0 0 4 0 0
65 2 0 0 2 0 0 0 0 0
68 2 0 0 2 0 0 0 0 0
69 6 0 0 6 0 0 0 0 0
fl=./elf/./elf/dl-environ.c
fn=_dl_next_ld_env_entry
28 3 1 1 0 0 0 0 0 0
29 3 0 0 3 0 0 0 0 0
32 178 0 0 60 0 0 0 0 0
34 116 1 1 58 0 0 0 0 0
35 18 0 0 9 0 0 0 0 0
37 2 0 0 0 0 0 0 0 0
40 4 0 0 0 0 0 2 0 0
42 2 0 0 2 0 0 0 0 0
45 56 0 0 0 0 0 0 0 0
fl=./elf/./elf/dl-execstack-tunable.c
fn=_dl_handle_execstack_tunable
24 4 1 1 0 0 0 1 0 0
25 9 1 1 1 0 0 1 0 0
39 2 0 0 2 0 0 0 0 0
fl=./elf/./elf/dl-find_object.c
fn=_dl_find_object_init
578 6 1 1 0 0 0 3 0 0
581 1 0 0 1 1 0 0 0 0
583 2 1 1 1 0 0 0 0 0
584 3 1 1 0 0 0 1 0 0
596 2 0 0 0 0 0 1 0 0
597 4 0 0 1 0 0 1 0 0
599 2 0 0 0 0 0 0 0 0
602 3 1 1 0 0 0 1 0 0
607 1 0 0 0 0 0 1 0 0
608 1 0 0 0 0 0 1 0 0
611 4 0 0 2 0 0 0 0 0
613 1 0 0 0 0 0 1 0 0
616 6 1 1 3 0 0 1 0 0
618 1 0 0 0 0 0 0 0 0
621 5 0 0 4 0 0 0 0 0
fn=_dlfo_process_initial
505 16 0 0 0 0 0 12 0 0
506 2 0 0 2 0 0 0 0 0
508 2 0 0 0 0 0 0 0 0
509 4 1 1 2 0 0 0 0 0
514 20 1 1 4 1 0 2 0 0
515 22 1 1 2 0 0 0 0 0
516 8 0 0 8 0 0 0 0 0
518 28 0 0 6 0 0 0 0 0
521 24 0 0 6 0 0 0 0 0
524 34 1 1 6 0 0 0 0 0
529 18 1 1 6 1 0 0 0 0
531 9 0 0 0 0 0 3 0 0
532 3 0 0 0 0 0 0 0 0
533 12 0 0 0 0 0 0 0 0
546 2 0 0 0 0 0 2 0 0
548 18 0 0 16 0 0 0 0 0
fn=_dlfo_sort_mappings
553 8 1 1 0 0 0 3 0 0
554 2 0 0 0 0 0 0 0 0
557 9 0 0 0 0 0 0 0 0
561 4 1 1 2 0 0 0 0 0
562 26 0 0 0 0 0 0 0 0
563 6 0 0 3 0 0 0 0 0
565 6 0 0 0 0 0 0 0 0
570 10 1 1 6 0 0 0 0 0
571 16 0 0 8 0 0 6 0 0
572 6 0 0 0 0 0 6 0 0
574 4 0 0 4 0 0 0 0 0
fl=./elf/./elf/dl-fini.c
fn=_dl_fini
26 10 1 1 0 0 0 7 1 1
43 1 0 0 0 0 0 0 0 0
46 12 1 1 1 1 1 0 0 0
49 2 1 1 1 1 1 1 0 0
51 1 0 0 1 1 1 0 0 0
54 2 0 0 0 0 0 0 0 0
56 5 0 0 2 1 1 0 0 0
61 1 0 0 0 0 0 1 0 0
63 4 1 1 0 0 0 2 0 0
68 17 1 1 2 0 0 0 0 0
72 1 0 0 0 0 0 0 0 0
74 16 0 0 5 2 2 0 0 0
76 8 1 1 4 4 4 0 0 0
78 8 0 0 0 0 0 0 0 0
80 8 0 0 0 0 0 4 1 1
81 4 0 0 0 0 0 4 4 4
82 4 0 0 0 0 0 0 0 0
86 4 0 0 4 3 3 0 0 0
93 6 1 1 0 0 0 0 0 0
94 6 0 0 0 0 0 0 0 0
100 6 0 0 0 0 0 3 0 0
109 2 1 1 1 0 0 1 0 0
114 27 0 0 10 0 0 0 0 0
116 4 0 0 4 0 0 0 0 0
118 8 0 0 4 0 0 0 0 0
120 16 1 1 0 0 0 12 0 0
123 8 0 0 0 0 0 4 0 0
128 4 0 0 4 0 0 0 0 0
131 2 0 0 0 0 0 0 0 0
135 5 0 0 1 0 0 1 0 0
141 6 1 1 2 0 0 1 0 0
143 1 0 0 0 0 0 0 0 0
147 2 0 0 1 0 0 0 0 0
154 8 0 0 7 0 0 0 0 0
fl=./elf/./elf/dl-hwcaps.c
fn=_dl_important_hwcaps
51 12 1 1 0 0 0 3 0 0
53 1 0 0 0 0 0 0 0 0
54 2 0 0 1 0 0 0 0 0
56 2 0 0 0 0 0 0 0 0
76 12 4 4 0 0 0 3 0 0
78 1 0 0 0 0 0 1 0 0
79 10 1 1 2 0 0 3 0 0
83 1 0 0 0 0 0 1 0 0
85 3 0 0 1 0 0 1 0 0
86 1 0 0 0 0 0 0 0 0
87 1 0 0 0 0 0 0 0 0
99 5 0 0 0 0 0 3 1 1
101 3 0 0 1 0 0 0 0 0
104 1 1 1 0 0 0 1 0 0
111 5 1 1 0 0 0 2 0 0
124 11 1 1 0 0 0 2 0 0
126 5 0 0 2 0 0 1 1 1
127 2 0 0 1 0 0 1 0 0
128 2 0 0 0 0 0 1 0 0
129 1 0 0 0 0 0 0 0 0
132 4 1 1 1 0 0 0 0 0
141 3 0 0 1 0 0 0 0 0
171 15 1 1 0 0 0 9 1 1
173 2 1 1 0 0 0 2 0 0
174 2 0 0 0 0 0 0 0 0
184 2 0 0 0 0 0 1 0 0
185 2 0 0 0 0 0 0 0 0
188 4 2 2 1 0 0 2 1 1
192 2 0 0 1 0 0 0 0 0
193 3 0 0 1 0 0 0 0 0
200 1 0 0 0 0 0 0 0 0
201 5 0 0 2 0 0 1 0 0
207 2 0 0 1 0 0 1 0 0
208 1 0 0 0 0 0 1 0 0
212 3 0 0 2 0 0 1 0 0
215 9 0 0 7 0 0 0 0 0
fl=./elf/./elf/dl-hwcaps_split.c
fn=_dl_hwcaps_split
25 2 1 1 0 0 0 0 0 0
26 3 0 0 1 0 0 0 0 0
27 1 0 0 0 0 0 0 0 0
47 1 0 0 1 0 0 0 0 0
fn=_dl_hwcaps_split_masked
26 24 0 0 8 0 0 0 0 0
30 24 1 1 12 0 0 12 0 0
34 84 0 0 18 1 1 0 0 0
35 12 1 1 0 0 0 6 0 0
36 24 0 0 0 0 0 0 0 0
41 27 0 0 0 0 0 9 0 0
42 18 0 0 0 0 0 0 0 0
43 9 1 1 0 0 0 3 0 0
45 24 0 0 0 0 0 9 0 0
51 80 2 2 0 0 0 48 0 0
55 5 0 0 0 0 0 0 0 0
56 9 0 0 9 0 0 0 0 0
57 27 0 0 0 0 0 9 0 0
58 21 0 0 3 0 0 0 0 0
60 3 0 0 0 0 0 0 0 0
62 64 1 1 56 0 0 0 0 0
67 6 0 0 0 0 0 0 0 0
fl=./elf/./elf/dl-init.c
fn=_dl_init
29 10 1 1 5 0 0 0 0 0
35 25 1 1 5 0 0 0 0 0
37 26 1 1 1 0 0 2 0 0
81 13 2 2 0 0 0 6 0 0
82 1 0 0 1 0 0 0 0 0
83 1 0 0 1 0 0 0 0 0
86 3 0 0 1 0 0 0 0 0
89 2 0 0 0 0 0 1 0 0
94 4 0 0 0 0 0 0 0 0
119 1 1 1 1 0 0 0 0 0
120 20 0 0 0 0 0 3 0 0
121 8 0 0 8 0 0 0 0 0
127 8 0 0 7 0 0 0 0 0
fn=call_init.part.0
26 48 1 1 0 0 0 24 0 0
43 12 1 1 4 0 0 4 0 0
46 12 0 0 8 2 0 0 0 0
47 2 0 0 0 0 0 0 0 0
51 6 0 0 3 0 0 0 0 0
59 9 0 0 3 1 0 0 0 0
60 6 1 1 2 0 0 1 0 0
63 3 0 0 3 1 0 0 0 0
64 6 0 0 0 0 0 0 0 0
70 6 0 0 4 2 0 0 0 0
72 14 0 0 4 0 0 0 0 0
73 16 0 0 0 0 0 0 0 0
74 16 1 1 4 0 0 4 0 0
76 32 0 0 28 0 0 0 0 0
fl=./elf/./elf/dl-load.c
fn=_dl_dst_count
228 14 1 1 0 0 0 8 0 0
231 4 0 0 0 0 0 2 1 1
234 4 0 0 0 0 0 0 0 0
235 2 0 0 0 0 0 0 0 0
254 14 1 1 10 0 0 0 0 0
fn=_dl_init_paths
680 13 1 1 0 0 0 8 0 0
694 4 1 1 0 0 0 2 0 0
699 1 0 0 0 0 0 1 1 1
701 2 0 0 0 0 0 0 0 0
708 5 0 0 0 0 0 0 0 0
709 1 0 0 1 0 0 0 0 0
713 4 1 1 0 0 0 1 0 0
715 5 0 0 2 0 0 0 0 0
721 1 0 0 0 0 0 1 0 0
722 1 0 0 0 0 0 1 0 0
730 9 0 0 0 0 0 4 0 0
732 7 0 0 3 0 0 4 0 0
735 5 1 1 0 0 0 4 4 4
736 7 1 1 3 1 1 4 1 1
737 1 0 0 0 0 0 0 0 0
740 12 0 0 3 1 1 0 0 0
741 9 0 0 1 0 0 0 0 0
742 18 0 0 4 0 0 5 0 0
744 28 1 1 6 0 0 7 0 0
750 1 0 0 0 0 0 1 0 0
751 1 0 0 0 0 0 1 0 0
756 1 1 1 1 0 0 0 0 0
759 3 0 0 0 0 0 0 0 0
761 4 1 1 1 0 0 0 0 0
763 3 0 0 1 0 0 0 0 0
780 1 0 0 0 0 0 1 0 0
782 3 1 1 1 0 0 0 0 0
796 2 2 2 0 0 0 1 0 0
799 5 1 1 2 0 0 0 0 0
801 22 3 3 2 0 0 2 0 0
805 4 0 0 0 0 0 0 0 0
806 60 0 0 15 0 0 0 0 0
807 14 1 1 0 0 0 0 0 0
808 28 0 0 0 0 0 0 0 0
810 1 0 0 0 0 0 1 0 0
811 1 0 0 0 0 0 0 0 0
812 2 0 0 0 0 0 0 0 0
818 7 0 0 1 0 0 1 0 0
821 3 0 0 2 0 0 0 0 0
827 1 0 0 0 0 0 1 0 0
831 8 0 0 7 0 0 0 0 0
fn=_dl_lookup_map
1917 18 1 1 0 0 0 9 1 1
1918 6 1 1 0 0 0 0 0 0
1919 6 0 0 3 1 1 0 0 0
1922 36 0 0 9 0 0 0 0 0
1927 49 1 1 14 0 0 0 0 0
1929 35 0 0 0 0 0 7 1 1
1931 16 0 0 6 0 0 0 0 0
1932 10 0 0 0 0 0 4 0 0
1944 2 0 0 0 0 0 0 0 0
1945 18 1 1 12 0 0 0 0 0
fn=_dl_map_new_object
656 9 2 2 3 0 0 0 0 0
670 5 0 0 0 0 0 3 0 0
1952 30 1 1 0 0 0 16 3 3
1954 2 0 0 0 0 0 2 0 0
1962 4 0 0 2 0 0 0 0 0
1969 2 0 0 0 0 0 2 0 0
1974 6 1 1 2 0 0 0 0 0
1988 10 0 0 0 0 0 2 1 1
1992 4 1 1 0 0 0 2 0 0
1994 2 0 0 1 0 0 0 0 0
2001 4 1 1 1 0 0 0 0 0
2005 1 1 1 1 0 0 0 0 0
2006 1 0 0 0 0 0 1 0 0
2010 6 1 1 4 0 0 0 0 0
2025 2 0 0 1 0 0 0 0 0
2026 7 1 1 1 0 0 0 0 0
2036 2 1 1 0 0 0 0 0 0
2051 2 1 1 1 0 0 0 0 0
2052 16 1 1 1 0 0 4 0 0
2058 3 0 0 0 0 0 0 0 0
2067 2 1 1 0 0 0 0 0 0
2069 3 0 0 1 0 0 0 0 0
2073 3 1 1 0 0 0 1 0 0
2075 2 0 0 0 0 0 0 0 0
2079 2 0 0 0 0 0 0 0 0
2087 2 1 1 1 0 0 0 0 0
2110 9 0 0 0 0 0 2 0 0
2114 3 1 1 1 0 0 0 0 0
2115 1 0 0 0 0 0 1 0 0
2132 2 0 0 1 0 0 0 0 0
2139 4 0 0 0 0 0 1 0 0
2140 2 1 1 0 0 0 0 0 0
2141 2 0 0 0 0 0 0 0 0
2145 9 1 1 0 0 0 2 0 0
2148 3 0 0 1 0 0 0 0 0
2160 6 0 0 0 0 0 0 0 0
2206 24 1 1 6 0 0 10 0 0
2208 16 0 0 14 0 0 0 0 0
fn=_dl_map_object
2213 42 1 1 0 0 0 18 1 1
2214 9 0 0 0 0 0 6 1 1
2215 9 1 1 3 0 0 0 0 0
2217 12 1 1 0 0 0 0 0 0
2218 22 0 0 19 0 0 0 0 0
fn=_dl_map_object_from_fd
948 28 0 0 0 0 0 18 3 3
963 8 1 1 2 0 0 2 0 0
984 4 1 1 0 0 0 2 0 0
999 29 0 0 13 0 0 0 0 0
1000 10 1 1 5 0 0 0 0 0
1018 4 1 1 2 0 0 0 0 0
1048 8 1 1 2 0 0 2 0 0
1054 2 1 1 0 0 0 0 0 0
1058 4 0 0 2 0 0 0 0 0
1065 16 1 1 10 0 0 2 0 0
1066 4 0 0 0 0 0 0 0 0
1077 4 0 0 2 0 0 2 2 2
1078 16 1 1 6 0 0 2 0 0
1079 4 1 1 2 0 0 2 0 0
1081 2 0 0 0 0 0 0 0 0
1082 8 0 0 4 0 0 0 0 0
1083 2 0 0 0 0 0 1 0 0
1086 16 2 2 1 0 0 1 0 0
1087 6 0 0 1 0 0 1 1 1
1098 2 0 0 0 0 0 2 0 0
1100 2 0 0 0 0 0 2 0 0
1102 40 2 2 4 0 0 4 0 0
1103 2 0 0 0 0 0 0 0 0
1104 2 1 1 0 0 0 2 0 0
1105 2 0 0 0 0 0 2 0 0
1106 2 0 0 0 0 0 0 0 0
1112 91 0 0 2 0 0 0 0 0
1113 233 2 2 27 9 9 0 0 0
1119 4 1 1 2 1 1 0 0 0
1126 5 0 0 3 0 0 2 0 0
1127 6 0 0 2 1 1 2 0 0
1128 20 1 1 4 0 0 2 0 0
1133 2 0 0 1 0 0 1 0 0
1134 1 0 0 0 0 0 0 0 0
1139 52 0 0 18 3 3 0 0 0
1147 24 0 0 0 0 0 0 0 0
1148 36 1 1 8 0 0 8 1 1
1149 48 0 0 8 3 3 8 0 0
1150 8 0 0 0 0 0 8 0 0
1151 16 0 0 8 0 0 8 0 0
1153 56 0 0 8 0 0 0 0 0
1155 16 1 1 0 0 0 8 2 2
1168 34 0 0 12 0 0 0 0 0
1173 8 0 0 0 0 0 0 0 0
1177 3 0 0 1 0 0 0 0 0
1181 4 1 1 0 0 0 1 1 1
1182 1 0 0 1 0 0 0 0 0
1186 5 0 0 0 0 0 1 1 1
1187 2 0 0 1 0 0 1 0 0
1190 1 0 0 0 0 0 1 0 0
1195 4 1 1 1 0 0 0 0 0
1211 2 0 0 0 0 0 0 0 0
1214 6 1 1 4 0 0 2 1 1
1219 8 0 0 4 0 0 0 0 0
1229 34 0 0 0 0 0 0 0 0
1230 16 0 0 0 0 0 8 0 0
1236 4 0 0 2 0 0 0 0 0
1246 8 1 1 4 0 0 0 0 0
1253 14 1 1 8 0 0 2 0 0
1269 8 1 1 4 0 0 0 0 0
1270 6 0 0 2 0 0 2 0 0
1276 4 0 0 0 0 0 0 0 0
1277 4 0 0 0 0 0 0 0 0
1279 4 1 1 0 0 0 0 0 0
1289 6 0 0 2 0 0 0 0 0
1308 6 0 0 2 0 0 2 0 0
1310 10 1 1 4 0 0 0 0 0
1330 6 0 0 2 1 1 0 0 0
1331 2 0 0 1 0 0 1 0 0
1337 68 0 0 6 0 0 0 0 0
1338 123 1 1 27 23 23 0 0 0
1344 35 0 0 0 0 0 2 0 0
1349 8 1 1 2 0 0 2 0 0
1362 4 0 0 2 0 0 0 0 0
1364 8 1 1 4 0 0 2 0 0
1366 4 0 0 2 0 0 0 0 0
1382 4 0 0 0 0 0 2 0 0
1386 4 0 0 2 0 0 0 0 0
1387 4 0 0 2 0 0 0 0 0
1404 4 0 0 2 0 0 0 0 0
1405 1 1 1 0 0 0 1 0 0
1408 8 0 0 4 0 0 4 0 0
1413 4 0 0 2 0 0 0 0 0
1418 4 0 0 2 0 0 0 0 0
1428 8 1 1 4 0 0 0 0 0
1429 7 0 0 0 0 0 1 0 0
1430 3 1 1 1 0 0 1 0 0
1436 4 0 0 2 0 0 0 0 0
1437 4 0 0 1 0 0 0 0 0
1442 2 0 0 0 0 0 1 0 0
1449 6 1 1 2 0 0 2 0 0
1452 4 0 0 2 0 0 0 0 0
1455 8 0 0 4 0 0 2 0 0
1457 2 0 0 0 0 0 0 0 0
1458 18 0 0 14 0 0 0 0 0
fn=_dl_notify_new_object
908 18 1 1 0 0 0 10 0 0
910 6 0 0 0 0 0 2 0 0
911 6 0 0 2 0 0 0 0 0
928 4 1 1 0 0 0 0 0 0
932 10 0 0 6 0 0 0 0 0
933 6 0 0 0 0 0 0 0 0
935 10 0 0 10 0 0 0 0 0
fn=_dl_process_pt_gnu_property
842 3 1 1 0 0 0 0 0 0
843 9 0 0 6 0 0 0 0 0
844 3 0 0 3 0 0 0 0 0
850 6 0 0 3 0 0 0 0 0
856 15 1 1 0 0 0 0 0 0
859 9 1 1 3 3 3 0 0 0
860 6 0 0 3 0 0 0 0 0
861 6 0 0 3 0 0 0 0 0
864 9 1 1 3 0 0 0 0 0
865 9 0 0 0 0 0 0 0 0
869 3 0 0 0 0 0 0 0 0
870 6 0 0 0 0 0 0 0 0
874 10 1 1 5 1 1 0 0 0
875 5 0 0 5 0 0 0 0 0
878 10 0 0 0 0 0 0 0 0
881 5 0 0 0 0 0 0 0 0
882 15 1 1 0 0 0 0 0 0
892 9 0 0 0 0 0 0 0 0
894 12 0 0 0 0 0 0 0 0
fn=expand_dynamic_string_token
231 6 0 0 0 0 0 2 0 0
234 4 1 1 0 0 0 0 0 0
375 16 1 1 0 0 0 10 1 1
389 4 0 0 0 0 0 0 0 0
400 10 0 0 10 0 0 0 0 0
fn=fillin_rpath.isra.0
442 18 2 2 0 0 0 12 0 0
446 1 0 0 0 0 0 0 0 0
448 12 0 0 4 0 0 2 0 0
455 2 0 0 1 0 0 0 0 0
457 6 1 1 1 0 0 2 0 0
461 2 0 0 0 0 0 0 0 0
466 3 0 0 0 0 0 1 0 0
467 2 0 0 0 0 0 0 0 0
474 4 1 1 1 0 0 0 0 0
479 2 1 1 0 0 0 1 0 0
483 15 0 0 5 0 0 0 0 0
484 8 1 1 4 0 0 0 0 0
502 4 1 1 1 0 0 1 0 0
506 3 0 0 2 0 0 0 0 0
508 2 1 1 0 0 0 0 0 0
512 1 0 0 0 0 0 1 0 0
513 2 0 0 1 0 0 0 0 0
514 4 0 0 0 0 0 2 0 0
515 1 0 0 0 0 0 1 0 0
517 2 0 0 1 0 0 0 0 0
523 7 0 0 1 0 0 0 0 0
524 11 1 1 1 0 0 0 0 0
525 3 1 1 0 0 0 2 0 0
527 2 1 1 1 0 0 1 0 0
528 3 0 0 1 0 0 0 0 0
529 1 0 0 0 0 0 1 0 0
535 2 0 0 1 0 0 1 0 0
536 1 0 0 0 0 0 1 0 0
539 3 0 0 0 0 0 1 0 0
545 1 0 0 0 0 0 1 0 0
548 8 0 0 7 0 0 0 0 0
fn=open_path
1760 8 1 1 0 0 0 6 1 1
1761 2 0 0 1 0 0 1 1 1
1764 1 0 0 0 0 0 1 0 0
1765 1 0 0 0 0 0 1 0 0
1767 2 1 1 0 0 0 0 0 0
1770 2 0 0 0 0 0 0 0 0
1772 21 3 3 3 1 1 3 0 0
1775 2 0 0 2 0 0 0 0 0
1783 3 1 1 1 0 0 0 0 0
1790 8 0 0 4 0 0 2 1 1
1791 20 2 2 5 0 0 1 0 0
1794 4 0 0 2 0 0 0 0 0
1799 22 1 1 10 0 0 4 0 0
1802 4 0 0 0 0 0 2 0 0
1808 4 1 1 2 0 0 0 0 0
1809 2 0 0 0 0 0 2 0 0
1811 16 0 0 8 0 0 2 0 0
1813 6 0 0 2 0 0 0 0 0
1815 4 0 0 0 0 0 0 0 0
1821 12 2 2 8 0 0 0 0 0
1827 6 1 1 4 0 0 2 0 0
1829 13 0 0 2 0 0 4 0 0
1830 3 0 0 1 1 1 0 0 0
1832 2 0 0 0 0 0 0 0 0
1834 7 1 1 1 0 0 3 0 0
1890 8 0 0 2 0 0 1 1 1
1894 1 0 0 1 0 0 0 0 0
1896 4 1 1 3 0 0 0 0 0
1899 3 0 0 2 0 0 0 0 0
1913 9 0 0 7 0 0 0 0 0
fn=open_verify.constprop.0
1511 48 2 2 0 0 0 32 2 2
1543 12 0 0 4 0 0 0 0 0
1548 4 1 1 0 0 0 0 0 0
1562 20 0 0 0 0 0 4 0 0
1564 8 0 0 0 0 0 0 0 0
1572 2 1 1 0 0 0 2 0 0
1573 4 0 0 0 0 0 2 1 1
1578 8 0 0 0 0 0 2 0 0
1579 4 0 0 0 0 0 0 0 0
1580 4 0 0 0 0 0 0 0 0
1582 6 0 0 2 0 0 2 0 0
1584 4 0 0 0 0 0 0 0 0
1590 4 1 1 0 0 0 0 0 0
1605 29 2 2 9 1 1 0 0 0
1688 4 0 0 2 0 0 0 0 0
1693 4 0 0 2 0 0 0 0 0
1701 8 1 1 2 0 0 0 0 0
1707 4 0 0 2 1 1 0 0 0
1713 4 0 0 2 0 0 0 0 0
1714 8 0 0 2 0 0 0 0 0
1718 15 2 2 1 0 0 0 0 0
1719 5 0 0 0 0 0 1 1 1
1742 4 1 1 2 0 0 0 0 0
1747 36 1 1 28 0 0 0 0 0
fl=./elf/./elf/dl-lookup-direct.c
fn=_dl_lookup_direct
32 15 1 1 9 0 0 0 0 0
33 9 0 0 0 0 0 0 0 0
35 6 0 0 3 3 3 0 0 0
36 6 0 0 3 0 0 0 0 0
48 9 0 0 3 0 0 3 0 0
51 6 0 0 6 0 0 0 0 0
53 21 1 1 6 0 0 6 0 0
57 9 0 0 9 1 1 0 0 0
58 18 0 0 9 0 0 0 0 0
59 15 1 1 6 0 0 3 0 0
74 39 2 2 0 0 0 27 0 0
76 6 0 0 3 0 0 0 0 0
78 18 0 0 9 0 0 0 0 0
79 6 0 0 0 0 0 0 0 0
81 15 1 1 3 0 0 3 0 0
84 25 0 0 5 1 1 0 0 0
86 9 0 0 3 0 0 0 0 0
93 6 1 1 0 0 0 0 0 0
115 3 0 0 0 0 0 0 0 0
116 27 0 0 21 0 0 0 0 0
fl=./elf/./elf/dl-lookup.c
fn=_dl_lookup_symbol_x
767 1470 1 1 0 0 0 882 0 0
769 196 0 0 0 0 0 98 0 0
770 196 1 1 0 0 0 98 0 0
771 294 1 1 98 0 0 0 0 0
773 98 0 0 98 0 0 0 0 0
777 372 0 0 88 0 0 0 0 0
780 196 0 0 98 0 0 0 0 0
782 196 0 0 196 1 0 0 0 0
786 1113 0 0 7 0 0 294 0 0
787 1666 1 1 686 0 0 686 2 2
792 392 1 1 196 0 0 0 0 0
794 49 1 1 14 0 0 0 0 0
811 7 1 1 0 0 0 7 0 0
812 14 0 0 0 0 0 0 0 0
815 91 0 0 91 0 0 0 0 0
816 617 0 0 86 0 0 0 0 0
823 91 0 0 91 0 0 0 0 0
851 364 0 0 91 0 0 0 0 0
865 273 1 1 91 5 0 0 0 0
866 2 2 2 0 0 0 1 0 0
868 182 0 0 91 0 0 0 0 0
885 182 0 0 91 0 0 91 0 0
887 882 0 0 686 0 0 0 0 0
fn=check_match
70 1005 2 2 93 19 17 364 0 0
73 744 1 1 186 10 10 0 0 0
86 455 0 0 0 0 0 0 0 0
89 399 0 0 62 0 0 31 0 0
93 182 0 0 182 0 0 0 0 0
94 182 0 0 0 0 0 0 0 0
98 176 1 1 0 0 0 0 0 0
102 176 0 0 176 0 0 0 0 0
103 792 0 0 352 1 0 0 0 0
104 792 1 1 352 1 0 264 1 1
141 6 0 0 0 0 0 0 0 0
143 18 0 0 6 2 2 0 0 0
144 12 1 1 0 0 0 0 0 0
158 91 0 0 0 0 0 0 0 0
159 641 0 0 457 0 0 0 0 0
fn=do_lookup_x
344 1470 1 1 196 0 0 980 2 2
350 98 1 1 98 0 0 0 0 0
351 98 0 0 98 0 0 0 0 0
355 966 1 1 966 1 0 0 0 0
358 644 1 1 0 0 0 0 0 0
362 644 0 0 0 0 0 0 0 0
383 644 1 1 322 0 0 0 0 0
387 644 0 0 322 0 0 0 0 0
393 966 0 0 322 1 0 0 0 0
397 322 0 0 0 0 0 322 0 0
398 322 1 1 0 0 0 322 0 0
401 1610 0 0 966 0 0 0 0 0
402 966 0 0 644 0 0 322 0 0
405 322 0 0 322 0 0 0 0 0
406 644 0 0 0 0 0 0 0 0
408 322 0 0 322 52 48 0 0 0
409 882 0 0 196 0 0 196 0 0
410 644 0 0 644 0 0 0 0 0
413 1288 0 0 322 0 0 0 0 0
416 2254 0 0 0 0 0 0 0 0
419 186 0 0 186 43 43 0 0 0
420 279 1 1 0 0 0 0 0 0
421 186 0 0 0 0 0 0 0 0
423 186 0 0 93 0 0 0 0 0
426 1040 1 1 208 61 61 0 0 0
428 279 0 0 0 0 0 0 0 0
429 2418 1 1 744 0 0 1209 2 2
430 186 1 1 0 0 0 0 0 0
433 1007 1 1 455 0 0 0 0 0
436 351 0 0 0 0 0 0 0 0
445 14 2 2 10 0 0 0 0 0
467 4 1 1 2 0 0 0 0 0
473 182 1 1 0 0 0 0 0 0
480 708 0 0 91 0 0 0 0 0
484 15 1 1 5 0 0 0 0 0
496 182 0 0 91 0 0 91 0 0
497 91 0 0 0 0 0 91 0 0
498 91 0 0 0 0 0 0 0 0
515 693 0 0 462 0 0 0 0 0
518 14 1 1 0 0 0 0 0 0
519 784 0 0 686 0 0 0 0 0
fl=./elf/./elf/dl-minimal-malloc.c
fn=__minimal_calloc
80 40 1 1 0 0 0 0 0 0
84 8 0 0 0 0 0 0 0 0
87 8 0 0 0 0 0 0 0 0
88 24 0 0 0 0 0 0 0 0
fn=__minimal_free
97 1 1 1 0 0 0 0 0 0
99 4 0 0 2 0 0 0 0 0
fn=__minimal_malloc
36 36 1 1 0 0 0 6 1 1
37 72 0 0 24 1 0 0 0 0
42 3 0 0 0 0 0 1 0 0
43 2 1 1 1 0 0 0 0 0
44 2 0 0 0 0 0 0 0 0
48 95 0 0 23 0 0 24 0 0
51 160 1 1 0 0 0 0 0 0
56 8 0 0 2 0 0 0 0 0
57 8 0 0 0 0 0 0 0 0
59 2 0 0 0 0 0 0 0 0
60 14 1 1 0 0 0 2 0 0
62 4 0 0 0 0 0 0 0 0
64 10 0 0 0 0 0 4 0 0
65 8 0 0 4 0 0 0 0 0
67 4 0 0 0 0 0 2 0 0
70 24 1 1 0 0 0 24 2 1
71 26 0 0 0 0 0 24 0 0
73 32 0 0 30 0 0 0 0 0
fl=./elf/./elf/dl-minimal.c
fn=__rtld_malloc_init_real
76 10 1 1 0 0 0 6 0 0
86 2 0 0 0 0 0 1 0 0
88 1 0 0 0 0 0 1 0 0
89 1 0 0 0 0 0 1 0 0
91 4 1 1 0 0 0 1 0 0
92 5 0 0 0 0 0 1 0 0
93 5 0 0 0 0 0 1 0 0
94 4 1 1 0 0 0 1 0 0
99 1 0 0 0 0 0 1 0 0
100 1 0 0 0 0 0 1 0 0
101 1 0 0 0 0 0 1 0 0
102 1 0 0 0 0 0 1 0 0
103 8 0 0 7 0 0 0 0 0
fn=__rtld_malloc_init_stubs
42 1 1 1 0 0 0 0 0 0
43 2 0 0 0 0 0 1 1 1
44 2 0 0 0 0 0 1 0 0
45 2 0 0 0 0 0 1 0 0
46 2 0 0 0 0 0 1 1 1
47 1 0 0 1 0 0 0 0 0
fn=lookup_malloc_symbol
61 24 1 1 0 0 0 8 0 0
63 4 0 0 0 0 0 4 0 0
64 32 1 1 4 0 0 12 0 0
68 32 0 0 16 0 0 0 0 0
69 24 1 1 12 0 0 0 0 0
71 4 0 0 0 0 0 4 0 0
72 12 0 0 12 0 0 0 0 0
fn=strsep
239 2 1 1 0 0 0 0 0 0
242 6 0 0 2 1 1 0 0 0
244 2 0 0 2 0 0 0 0 0
245 4 0 0 0 0 0 0 0 0
247 3 0 0 0 0 0 0 0 0
249 47 0 0 15 0 0 0 0 0
251 28 0 0 0 0 0 0 0 0
254 56 1 1 28 0 0 0 0 0
256 84 0 0 28 0 0 0 0 0
264 14 0 0 0 0 0 0 0 0
267 1 0 0 0 0 0 1 0 0
271 4 0 0 2 0 0 0 0 0
fl=./elf/./elf/dl-misc.c
fn=_dl_name_match_p
68 98 1 1 0 0 0 42 0 0
69 56 0 0 14 0 0 14 1 1
70 17 0 0 0 0 0 0 0 0
72 14 0 0 14 0 0 0 0 0
74 58 0 0 0 0 0 0 0 0
75 90 1 1 18 0 0 18 0 0
78 15 0 0 15 0 0 0 0 0
80 11 0 0 0 0 0 0 0 0
81 56 0 0 56 0 0 0 0 0
fn=_dl_sysdep_read_whole_file
36 8 1 1 0 0 0 3 0 0
39 3 0 0 0 0 0 1 0 0
40 3 0 0 0 0 0 0 0 0
42 7 1 1 1 0 0 2 0 0
44 2 0 0 1 0 0 1 0 0
47 2 0 0 0 0 0 0 0 0
49 9 1 1 1 0 0 2 0 0
60 4 0 0 1 0 0 2 0 0
63 6 0 0 4 0 0 0 0 0
fl=./elf/./elf/dl-object.c
fn=_dl_add_to_namespace_list
31 21 1 1 0 0 0 9 1 1
33 6 0 0 3 0 0 3 0 0
35 19 1 1 3 0 0 0 0 0
38 20 0 0 5 0 0 0 0 0
40 2 0 0 0 0 0 2 0 0
42 2 0 0 0 0 0 2 0 0
45 2 1 1 0 0 0 1 0 0
46 6 0 0 3 0 0 0 0 0
47 6 0 0 3 1 1 3 0 0
48 6 0 0 0 0 0 3 0 0
50 6 0 0 3 0 0 0 0 0
51 9 0 0 9 0 0 0 0 0
fn=_dl_new_object
59 45 1 1 0 0 0 30 3 3
62 6 0 0 0 0 0 0 0 0
64 2 1 1 0 0 0 0 0 0
66 3 1 1 1 0 0 0 0 0
67 6 0 0 1 0 0 1 0 0
71 2 0 0 0 0 0 0 0 0
77 1 0 0 0 0 0 0 0 0
80 2 0 0 2 0 0 0 0 0
83 13 1 1 0 0 0 7 0 0
87 4 0 0 0 0 0 0 0 0
92 2 0 0 0 0 0 0 0 0
95 6 0 0 0 0 0 0 0 0
98 3 1 1 0 0 0 3 3 3
99 9 0 0 3 0 0 3 3 3
103 6 0 0 0 0 0 3 0 0
104 21 0 0 6 0 0 9 0 0
106 3 0 0 0 0 0 3 0 0
119 13 1 1 8 0 0 0 0 0
123 2 0 0 0 0 0 0 0 0
125 1 0 0 0 0 0 0 0 0
127 21 0 0 6 3 3 6 0 0
130 6 0 0 3 0 0 0 0 0
131 6 1 1 0 0 0 3 3 3
132 3 1 1 0 0 0 3 0 0
136 6 0 0 3 0 0 3 0 0
139 34 0 0 0 0 0 0 0 0
141 20 1 1 0 0 0 16 4 4
149 6 0 0 0 0 0 3 0 0
150 3 0 0 0 0 0 3 3 3
153 1 0 0 0 0 0 0 0 0
155 15 1 1 6 1 1 0 0 0
157 8 0 0 0 0 0 2 2 2
160 8 0 0 0 0 0 0 0 0
164 8 0 0 2 0 0 0 0 0
168 14 1 1 2 0 0 0 0 0
176 1 1 1 0 0 0 1 0 0
179 6 0 0 0 0 0 3 0 0
189 12 0 0 6 0 0 0 0 0
191 8 1 1 0 0 0 4 0 0
195 6 0 0 0 0 0 0 0 0
199 4 0 0 0 0 0 0 0 0
200 4 0 0 0 0 0 0 0 0
208 2 0 0 0 0 0 0 0 0
212 2 0 0 0 0 0 0 0 0
245 8 1 1 4 0 0 2 0 0
250 84 0 0 0 0 0 0 0 0
251 84 0 0 42 0 0 0 0 0
255 4 0 0 0 0 0 0 0 0
256 2 0 0 0 0 0 2 0 0
259 2 0 0 0 0 0 2 0 0
263 27 1 1 21 0 0 0 0 0
fl=./elf/./elf/dl-reloc.c
fn=_dl_protect_relro
352 6 2 2 0 0 0 2 0 0
353 3 0 0 1 0 0 0 0 0
356 6 1 1 3 0 0 0 0 0
359 2 0 0 0 0 0 0 0 0
363 2 0 0 0 0 0 0 0 0
364 7 0 0 0 0 0 1 0 0
370 3 0 0 3 0 0 0 0 0
fn=_dl_relocate_object
343 20 1 1 0 0 0 6 0 0
344 12 0 0 7 0 0 0 0 0
346 3 1 1 0 0 0 3 0 0
348 9 0 0 9 0 0 0 0 0
353 9 0 0 3 1 0 0 0 0
356 18 0 0 9 0 0 0 0 0
359 6 0 0 0 0 0 0 0 0
363 6 0 0 0 0 0 0 0 0
364 18 1 1 0 0 0 3 0 0
fn=_dl_relocate_object_no_relro
170 644 1 1 161 71 71 0 0 0
171 200 0 0 0 0 0 0 0 0
174 1034 1 1 100 1 0 0 0 0
175 84 1 1 7 0 0 0 0 0
177 7 0 0 7 0 0 0 0 0
178 21 1 1 7 0 0 7 0 0
182 186 1 1 0 0 0 0 0 0
183 93 0 0 0 0 0 93 0 0
184 93 1 1 0 0 0 93 0 0
186 750 1 1 372 2 0 6 0 0
187 435 0 0 87 2 0 87 0 0
188 174 0 0 0 0 0 0 0 0
190 715 2 2 186 0 0 314 0 0
193 93 0 0 93 0 0 0 0 0
194 651 1 1 279 0 0 93 0 0
196 7 0 0 7 0 0 0 0 0
207 52 2 2 0 0 0 32 0 0
217 4 0 0 2 0 0 0 0 0
220 4 0 0 0 0 0 0 0 0
223 8 0 0 0 0 0 0 0 0
226 12 0 0 4 0 0 0 0 0
246 12 1 1 4 0 0 0 0 0
247 8 1 1 4 0 0 0 0 0
248 4 1 1 0 0 0 0 0 0
250 8 1 1 0 0 0 0 0 0
257 16 0 0 4 0 0 4 0 0
296 11406 10 10 1208 221 207 26 0 0
298 16 0 0 0 0 0 0 0 0
321 4 0 0 4 0 0 0 0 0
324 8 0 0 4 0 0 0 0 0
338 32 1 1 28 1 0 0 0 0
fl=./elf/./elf/dl-setup_hash.c
fn=_dl_setup_hash
25 4 1 1 0 0 0 0 0 0
28 12 0 0 4 0 0 0 0 0
31 12 0 0 8 0 0 0 0 0
32 8 1 1 4 4 4 4 0 0
33 4 0 0 4 0 0 0 0 0
34 4 0 0 4 0 0 0 0 0
36 12 0 0 0 0 0 0 0 0
37 4 0 0 0 0 0 4 0 0
38 12 0 0 4 0 0 4 0 0
40 4 0 0 0 0 0 4 0 0
41 8 0 0 0 0 0 0 0 0
43 4 1 1 0 0 0 4 0 0
45 16 0 0 0 0 0 4 0 0
50 4 0 0 4 0 0 0 0 0
fl=./elf/./elf/dl-sort-maps.c
fn=_dl_sort_maps
140 40 0 0 8 0 0 16 0 0
181 2 0 0 0 0 0 2 1 1
182 2 0 0 2 0 0 0 0 0
183 34 0 0 0 0 0 0 0 0
184 16 2 2 16 0 0 0 0 0
211 32 3 3 2 1 1 0 0 0
216 8 0 0 0 0 0 4 0 0
218 8 2 2 0 0 0 2 0 0
219 10 0 0 2 0 0 2 0 0
221 26 0 0 0 0 0 0 0 0
223 8 0 0 8 0 0 0 0 0
226 32 2 2 16 0 0 0 0 0
244 14 0 0 6 0 0 0 0 0
263 6 1 1 0 0 0 2 0 0
276 8 0 0 2 0 0 0 0 0
283 2 1 1 0 0 0 0 0 0
298 26 1 1 0 0 0 14 1 1
306 6 0 0 2 1 1 0 0 0
310 16 0 0 14 0 0 0 0 0
fn=_dl_sort_maps_init
289 4 2 2 0 0 0 1 0 0
290 4 0 0 0 0 0 1 0 0
291 1 0 0 0 0 0 1 0 0
292 3 0 0 1 0 0 0 0 0
293 2 0 0 2 0 0 0 0 0
fn=dfs_traversal.part.0
135 40 1 1 0 0 0 8 0 0
140 20 0 0 10 0 0 0 0 0
143 8 0 0 8 0 0 0 0 0
145 24 1 1 8 2 2 0 0 0
147 55 0 0 15 3 3 0 0 0
156 28 1 1 4 0 0 0 0 0
171 24 0 0 8 0 0 8 0 0
172 8 1 1 0 0 0 8 0 0
173 16 0 0 16 0 0 0 0 0
fl=./elf/./elf/dl-tunables.c
fn=__GI___tunable_set_val
73 54 0 0 6 0 0 0 0 0
83 6 0 0 6 0 0 0 0 0
94 24 1 1 12 0 0 0 0 0
95 30 0 0 12 0 0 0 0 0
99 12 0 0 0 0 0 0 0 0
101 24 0 0 0 0 0 0 0 0
105 6 0 0 0 0 0 0 0 0
112 12 1 1 0 0 0 0 0 0
113 12 0 0 0 0 0 0 0 0
116 12 1 1 0 0 0 6 0 0
117 6 0 0 0 0 0 6 0 0
118 6 0 0 0 0 0 6 0 0
119 6 0 0 0 0 0 6 0 0
162 24 1 1 0 0 0 0 0 0
166 6 0 0 6 0 0 0 0 0
fn=__GI___tunables_init
43 295 1 1 59 0 0 0 0 0
46 58 0 0 0 0 0 0 0 0
49 5751 1 1 805 32 32 0 0 0
53 116 0 0 0 0 0 0 0 0
57 58 0 0 0 0 0 0 0 0
188 58 1 1 0 0 0 0 0 0
255 1 0 0 0 0 0 0 0 0
294 11 2 2 0 0 0 6 0 0
300 3 0 0 1 0 0 0 0 0
304 32 0 0 0 0 0 27 5 5
306 1 0 0 0 0 0 0 0 0
317 1624 0 0 0 0 0 0 0 0
319 2088 1 1 522 2 2 0 0 0
320 522 0 0 0 0 0 0 0 0
322 1566 0 0 522 9 9 0 0 0
337 6 1 1 1 0 0 0 0 0
340 27 1 1 0 0 0 0 0 0
343 27 1 1 9 0 0 0 0 0
352 8 0 0 7 0 0 0 0 0
fn=__tunable_get_val
435 70 1 1 0 0 0 0 0 0
438 309 0 0 35 30 29 0 0 0
447 45 1 1 32 17 15 13 0 0
448 13 0 0 0 0 0 0 0 0
457 28 0 0 0 0 0 22 0 0
464 107 0 0 35 5 5 0 0 0
466 35 0 0 35 0 0 0 0 0
fl=./elf/./elf/dl-tunables.h
fn=__GI___tunables_init
160 894 1 1 646 0 0 0 0 0
161 2482 0 0 15 0 0 0 0 0
fl=./elf/./elf/dl-version.c
fn=_dl_check_all_versions
399 7 1 1 0 0 0 5 0 0
401 3 0 0 0 0 0 0 0 0
403 17 0 0 4 0 0 0 0 0
404 4 0 0 0 0 0 0 0 0
405 24 1 1 4 0 0 4 0 0
408 7 1 1 6 0 0 0 0 0
fn=_dl_check_map_versions
36 26 1 1 4 0 0 0 0 0
37 5 0 0 5 0 0 0 0 0
38 39 0 0 0 0 0 7 0 0
56 24 0 0 18 0 0 0 0 0
64 12 1 1 6 0 0 0 0 0
70 18 0 0 6 0 0 0 0 0
86 6 0 0 6 0 0 0 0 0
87 12 0 0 0 0 0 0 0 0
89 6 0 0 6 0 0 0 0 0
94 152 1 1 55 13 13 18 0 0
99 8 1 1 2 0 0 6 0 0
108 110 0 0 55 5 5 0 0 0
110 6 1 1 6 1 1 0 0 0
113 48 1 1 18 2 2 12 0 0
120 147 0 0 49 4 4 0 0 0
124 49 0 0 0 0 0 0 0 0
155 36 1 1 0 0 0 24 0 0
156 4 0 0 0 0 0 4 0 0
164 4 0 0 0 0 0 4 0 0
170 12 0 0 4 0 0 0 0 0
172 12 0 0 8 0 0 0 0 0
174 12 1 1 4 0 0 4 0 0
175 4 0 0 4 0 0 0 0 0
177 8 0 0 0 0 0 0 0 0
180 4 0 0 4 0 0 0 0 0
184 4 0 0 2 2 2 0 0 0
200 4 0 0 4 0 0 0 0 0
208 4 0 0 0 0 0 0 0 0
213 6 0 0 2 0 0 0 0 0
215 4 0 0 0 0 0 0 0 0
217 18 0 0 12 2 2 0 0 0
218 46 1 1 34 0 0 0 0 0
221 12 0 0 6 0 0 6 0 0
224 18 0 0 6 0 0 0 0 0
225 14 1 1 0 0 0 6 0 0
228 6 1 1 4 0 0 2 0 0
231 24 1 1 6 0 0 0 0 0
234 18 0 0 6 0 0 0 0 0
239 4 0 0 0 0 0 0 0 0
243 6 0 0 2 0 0 0 0 0
257 15 2 2 6 0 0 0 0 0
260 4 0 0 4 0 0 0 0 0
263 218 0 0 55 3 3 2 0 0
266 165 0 0 53 2 2 2 0 0
270 51 0 0 0 0 0 0 0 0
274 9 1 1 3 0 0 0 0 0
279 3 0 0 0 0 0 3 0 0
280 12 1 1 3 0 0 3 0 0
281 9 1 1 3 0 0 0 0 0
291 3 0 0 0 0 0 3 0 0
294 17 0 0 10 1 0 3 0 0
296 6 1 1 0 0 0 0 0 0
299 8 0 0 4 0 0 0 0 0
303 6 0 0 2 0 0 0 0 0
306 18 1 1 6 0 0 0 0 0
308 24 0 0 0 0 0 0 0 0
310 24 0 0 6 0 0 6 0 0
311 12 0 0 0 0 0 6 3 3
312 18 0 0 6 0 0 6 1 1
313 18 0 0 6 0 0 6 0 0
316 18 0 0 6 0 0 0 0 0
321 4 0 0 0 0 0 0 0 0
324 6 1 1 2 0 0 0 0 0
334 6 2 2 0 0 0 0 0 0
337 4 0 0 2 0 0 0 0 0
341 51 0 0 51 0 0 0 0 0
343 106 1 1 53 0 0 0 0 0
347 51 0 0 51 0 0 0 0 0
348 204 0 0 51 0 0 51 15 15
349 153 0 0 51 0 0 51 0 0
350 51 0 0 0 0 0 51 5 5
353 171 1 1 56 0 0 0 0 0
357 51 0 0 0 0 0 0 0 0
364 189 0 0 0 0 0 0 0 0
365 126 0 0 63 0 0 0 0 0
366 18 0 0 0 0 0 6 0 0
372 6 0 0 0 0 0 0 0 0
373 4 0 0 2 0 0 0 0 0
374 4 0 0 2 0 0 0 0 0
375 2 0 0 1 0 0 0 0 0
377 4 1 1 3 0 0 0 0 0
379 124 0 0 32 0 0 0 0 0
380 60 1 1 0 0 0 0 0 0
382 2 0 0 1 0 0 0 0 0
383 5 1 1 0 0 0 1 0 0
394 36 1 1 32 0 0 0 0 0
fl=./elf/./elf/do-rel.h
fn=_dl_relocate_object_no_relro
48 8 0 0 0 0 0 0 0 0
49 24 0 0 8 0 0 0 0 0
50 40 0 0 0 0 0 8 0 0
51 4 1 1 4 0 0 0 0 0
53 40 0 0 16 0 0 0 0 0
73 12 1 1 4 0 0 4 0 0
80 24 2 2 8 0 0 0 0 0
105 24 1 1 0 0 0 0 0 0
114 38 0 0 0 0 0 0 0 0
117 32 1 1 8 3 0 8 0 0
120 24 0 0 12 1 0 6 0 0
122 486 2 2 170 0 0 0 0 0
124 775 0 0 465 97 96 0 0 0
125 620 0 0 155 0 0 155 0 0
126 432 0 0 216 0 0 216 0 0
127 432 0 0 108 1 0 0 0 0
129 465 1 1 0 0 0 0 0 0
132 188 0 0 47 0 0 47 0 0
133 47 0 0 0 0 0 47 0 0
134 47 0 0 0 0 0 0 0 0
141 339 0 0 108 0 0 0 0 0
142 51 1 1 17 1 0 0 0 0
155 6 0 0 0 0 0 0 0 0
156 208 2 2 4 0 0 2 0 0
157 186 0 0 62 0 0 0 0 0
160 141 1 1 94 0 0 0 0 0
162 188 0 0 47 0 0 47 0 0
163 47 0 0 47 0 0 0 0 0
164 47 0 0 47 0 0 0 0 0
171 22 2 2 8 0 0 0 0 0
173 42 1 1 12 2 2 6 0 0
174 12 0 0 12 0 0 0 0 0
176 18 0 0 0 0 0 0 0 0
184 6 0 0 0 0 0 6 0 0
187 18 0 0 6 0 0 0 0 0
202 5 0 0 3 0 0 0 0 0
fn=_dl_start
48 2 0 0 0 0 0 0 0 0
49 6 0 0 2 0 0 0 0 0
50 8 1 1 0 0 0 0 0 0
51 1 1 1 1 0 0 0 0 0
53 10 0 0 4 0 0 0 0 0
56 4 0 0 0 0 0 0 0 0
61 8 0 0 0 0 0 0 0 0
63 2 1 1 1 0 0 0 0 0
64 2 0 0 0 0 0 0 0 0
65 1 0 0 1 0 0 0 0 0
fl=./elf/./elf/get-dynamic-info.h
fn=_dl_map_object_from_fd
39 4 0 0 0 0 0 0 0 0
43 2 0 0 0 0 0 0 0 0
45 194 1 1 49 13 13 0 0 0
49 94 0 0 0 0 0 0 0 0
51 26 0 0 0 0 0 0 0 0
52 13 0 0 0 0 0 0 0 0
53 3 0 0 0 0 0 0 0 0
54 40 0 0 0 0 0 0 0 0
55 32 0 0 0 0 0 0 0 0
56 10 0 0 0 0 0 0 0 0
59 8 1 1 0 0 0 0 0 0
62 8 1 1 0 0 0 0 0 0
64 8 0 0 0 0 0 0 0 0
68 47 0 0 0 0 0 47 12 12
72 8 0 0 2 0 0 0 0 0
84 7 0 0 3 0 0 0 0 0
85 8 1 1 4 0 0 0 0 0
86 8 0 0 4 0 0 0 0 0
87 8 0 0 4 0 0 0 0 0
88 7 0 0 3 1 1 0 0 0
89 7 1 1 3 1 1 0 0 0
90 7 0 0 3 1 1 0 0 0
91 8 0 0 4 0 0 0 0 0
103 16 1 1 4 0 0 2 0 0
110 6 0 0 2 0 0 0 0 0
115 2 0 0 1 0 0 0 0 0
122 2 0 0 1 0 0 0 0 0
123 6 0 0 4 0 0 0 0 0
129 6 0 0 2 0 0 0 0 0
130 3 0 0 2 0 0 0 0 0
147 6 1 1 2 0 0 0 0 0
152 2 0 0 1 0 0 1 0 0
154 2 0 0 0 0 0 0 0 0
156 2 0 0 0 0 0 0 0 0
158 2 0 0 0 0 0 0 0 0
159 1 0 0 0 0 0 1 0 0
162 6 1 1 2 0 0 0 0 0
164 6 0 0 2 0 0 2 0 0
165 4 0 0 0 0 0 0 0 0
174 4 1 1 2 0 0 0 0 0
175 6 1 1 0 0 0 0 0 0
180 4 0 0 0 0 0 0 0 0
181 2 0 0 1 0 0 1 0 0
184 4 0 0 2 0 0 0 0 0
fl=./elf/./elf/libc_early_init.c
fn=__libc_early_init
34 8 1 1 1 0 0 3 0 0
36 1 1 1 0 0 0 1 0 0
39 2 0 0 1 0 0 1 1 1
42 2 0 0 0 0 0 2 1 1
47 2 0 0 0 0 0 1 0 0
50 4 1 1 2 0 0 0 0 0
51 2 0 0 2 0 0 0 0 0
fl=./elf/./elf/rtld.c
fn=_dl_start
84 8 0 0 0 0 0 2 1 1
454 1 0 0 0 0 0 1 0 0
458 5 1 1 1 0 0 1 0 0
476 2 0 0 0 0 0 1 0 0
477 2 1 1 0 0 0 1 0 0
479 1 0 0 0 0 0 1 1 1
481 2 0 0 0 0 0 1 0 0
490 1 0 0 0 0 0 1 0 0
496 4 1 0 1 0 0 1 0 0
498 2 0 0 1 0 0 0 0 0
519 10 1 1 0 0 0 7 1 1
545 1 0 0 0 0 0 1 1 1
548 2 0 0 0 0 0 1 0 0
549 1 0 0 1 1 1 0 0 0
565 189 4 4 28 6 6 5 1 1
567 1 1 1 1 0 0 0 0 0
585 9 1 0 7 1 0 0 0 0
fn=dl_main
84 20 3 3 0 0 0 0 0 0
91 15 1 1 0 0 0 0 0 0
92 2 0 0 0 0 0 1 0 0
100 9 0 0 4 0 0 0 0 0
196 2 0 0 0 0 0 1 0 0
198 1 0 0 0 0 0 1 0 0
223 4 0 0 4 0 0 0 0 0
224 5 1 1 2 0 0 0 0 0
225 4 1 1 0 0 0 0 0 0
295 3 0 0 0 0 0 3 0 0
301 1 0 0 0 0 0 1 0 0
302 1 0 0 0 0 0 1 0 0
820 1 0 0 1 0 0 0 0 0
822 1 0 0 0 0 0 1 0 0
831 1 0 0 0 0 0 1 0 0
833 1 0 0 0 0 0 1 0 0
838 1 0 0 0 0 0 1 0 0
1094 1 1 1 1 0 0 0 0 0
1095 1 0 0 1 0 0 0 0 0
1097 1 0 0 0 0 0 0 0 0
1101 3 0 0 2 1 1 1 1 1
1103 1 0 0 1 0 0 0 0 0
1104 1 0 0 1 0 0 0 0 0
1119 1 0 0 0 0 0 0 0 0
1122 55 1 1 3 0 0 0 0 0
1123 130 2 2 24 8 8 2 0 0
1127 3 1 1 1 0 0 1 0 0
1132 3 0 0 2 0 0 1 0 0
1133 9 1 1 2 0 0 1 0 0
1142 1 0 0 0 0 0 1 0 0
1143 2 0 0 2 1 1 0 0 0
1145 2 1 1 0 0 0 1 0 0
1147 1 0 0 0 0 0 0 0 0
1155 8 0 0 4 0 0 0 0 0
1156 24 1 1 8 1 1 0 0 0
1157 8 0 0 4 0 0 0 0 0
1158 1 0 0 0 0 0 1 0 0
1160 12 0 0 4 0 0 0 0 0
1161 14 0 0 0 0 0 0 0 0
1165 8 1 1 4 3 3 0 0 0
1166 8 0 0 4 0 0 0 0 0
1167 4 0 0 0 0 0 4 0 0
1171 8 0 0 0 0 0 0 0 0
1203 3 0 0 2 1 1 1 0 0
1209 28 0 0 0 0 0 0 0 0
1210 64 0 0 14 0 0 0 0 0
1216 18 0 0 0 0 0 1 0 0
1222 4 0 0 2 1 1 0 0 0
1225 3 1 1 2 0 0 0 0 0
1227 2 0 0 1 0 0 0 0 0
1252 2 0 0 1 1 1 0 0 0
1253 2 0 0 1 0 0 0 0 0
1255 2 0 0 1 0 0 0 0 0
1257 1 1 1 0 0 0 1 1 1
1258 2 0 0 1 0 0 1 0 0
1261 1 0 0 1 0 0 0 0 0
1267 1 0 0 0 0 0 0 0 0
1268 28 0 0 0 0 0 0 0 0
1269 11 0 0 0 0 0 0 0 0
1270 22 0 0 11 6 6 0 0 0
1272 16 1 1 5 2 2 0 0 0
1273 8 0 0 4 0 0 0 0 0
1274 16 0 0 0 0 0 0 0 0
1279 12 0 0 4 1 1 0 0 0
1286 3 1 1 0 0 0 0 0 0
1287 2 0 0 1 0 0 0 0 0
1289 3 0 0 2 1 1 1 0 0
1356 13 2 2 0 0 0 8 1 1
1361 1 0 0 0 0 0 0 0 0
1362 1 0 0 0 0 0 1 0 0
1368 1 0 0 0 0 0 1 1 1
1378 3 1 1 2 0 0 1 0 0
1379 4 0 0 2 0 0 0 0 0
1646 9 1 1 0 0 0 2 0 0
1648 2 0 0 0 0 0 0 0 0
1649 3 1 1 0 0 0 1 0 0
1650 2 0 0 1 0 0 1 0 0
1651 3 0 0 2 0 0 1 0 0
1655 2 0 0 0 0 0 1 0 0
1656 2 0 0 1 0 0 0 0 0
1679 1 0 0 0 0 0 1 0 0
1685 3 0 0 1 0 0 0 0 0
1686 6 1 1 2 0 0 1 0 0
1689 1 1 1 0 0 0 1 1 1
1690 1 0 0 0 0 0 1 0 0
1691 1 0 0 0 0 0 1 0 0
1693 2 0 0 1 0 0 0 0 0
1694 3 0 0 0 0 0 1 0 0
1699 2 0 0 1 0 0 0 0 0
1701 2 0 0 0 0 0 0 0 0
1714 2 1 1 1 0 0 1 0 0
1717 2 0 0 1 0 0 0 0 0
1742 4 0 0 1 0 0 1 0 0
1744 1 0 0 0 0 0 1 0 0
1749 2 1 1 1 0 0 0 0 0
1752 4 2 2 2 0 0 1 0 0
1753 4 0 0 1 0 0 1 0 0
1754 3 0 0 2 0 0 1 0 0
1755 1 0 0 0 0 0 1 0 0
1756 1 0 0 1 0 0 0 0 0
1757 1 1 1 1 0 0 0 0 0
1762 2 1 1 1 1 1 0 0 0
1771 2 1 1 1 0 0 0 0 0
1775 1 0 0 0 0 0 1 0 0
1776 2 0 0 1 0 0 0 0 0
1800 2 1 1 0 0 0 2 0 0
1806 3 0 0 0 0 0 1 0 0
1807 1 0 0 0 0 0 0 0 0
1811 3 0 0 1 0 0 1 0 0
1816 3 1 1 2 0 0 0 0 0
1818 1 0 0 0 0 0 0 0 0
1820 2 0 0 1 0 0 0 0 0
1824 5 1 1 2 0 0 1 0 0
1829 2 0 0 1 0 0 0 0 0
1845 5 0 0 0 0 0 1 0 0
1921 4 1 1 2 0 0 0 0 0
1925 19 3 3 1 0 0 0 0 0
1926 1 0 0 0 0 0 0 0 0
1929 3 0 0 0 0 0 1 0 0
1930 1 0 0 1 0 0 0 0 0
1931 2 0 0 0 0 0 0 0 0
1932 2 0 0 0 0 0 0 0 0
1937 3 0 0 1 0 0 0 0 0
1947 9 1 1 2 0 0 1 0 0
1953 20 1 1 1 0 0 0 0 0
1954 8 0 0 8 0 0 0 0 0
1957 3 0 0 2 0 0 1 0 0
1958 2 0 0 0 0 0 0 0 0
1959 1 0 0 0 0 0 1 0 0
1961 14 1 1 1 0 0 0 0 0
1962 9 0 0 3 0 0 0 0 0
1969 4 1 1 2 0 0 1 0 0
1970 3 0 0 1 0 0 0 0 0
1972 2 0 0 0 0 0 1 0 0
1974 2 0 0 0 0 0 0 0 0
1976 3 1 1 1 0 0 0 0 0
1990 7 1 1 1 0 0 0 0 0
1991 2 0 0 1 0 0 1 0 0
1992 3 0 0 1 0 0 0 0 0
2002 1 0 0 0 0 0 1 0 0
2003 4 0 0 0 0 0 1 0 0
2004 5 1 1 0 0 0 1 0 0
2014 1 0 0 1 0 0 0 0 0
2015 2 0 0 1 0 0 0 0 0
2016 4 2 2 0 0 0 2 0 0
2018 2 1 1 1 0 0 0 0 0
2023 3 1 1 1 0 0 0 0 0
2222 3 0 0 1 0 0 1 0 0
2226 2 0 0 1 0 0 1 0 0
2232 2 0 0 1 0 0 1 0 0
2235 2 1 1 1 0 0 0 0 0
2243 2 0 0 2 0 0 0 0 0
2247 3 0 0 1 0 0 0 0 0
2250 1 0 0 1 0 0 0 0 0
2255 2 0 0 1 0 0 0 0 0
2259 7 0 0 2 1 0 1 0 0
2260 1 0 0 1 0 0 0 0 0
2268 2 1 1 2 0 0 0 0 0
2269 23 0 0 3 0 0 2 0 0
2271 8 1 1 8 1 0 0 0 0
2276 8 0 0 8 2 0 0 0 0
2278 10 0 0 0 0 0 0 0 0
2280 1 1 1 0 0 0 1 0 0
2281 1 0 0 1 0 0 0 0 0
2284 4 0 0 4 0 0 0 0 0
2286 32 1 1 8 3 1 4 0 0
2290 10 0 0 5 1 0 0 0 0
2291 3 0 0 0 0 0 1 0 0
2298 1 0 0 0 0 0 1 0 0
2304 2 0 0 1 0 0 0 0 0
2308 4 0 0 1 0 0 0 0 0
2310 1 1 1 1 0 0 0 0 0
2317 4 0 0 1 0 0 1 0 0
2320 2 0 0 1 0 0 0 0 0
2324 3 1 1 2 1 0 0 0 0
2327 1 0 0 0 0 0 1 0 0
2332 2 0 0 1 0 0 0 0 0
2336 6 0 0 3 0 0 1 0 0
2339 1 0 0 0 0 0 1 0 0
2340 2 0 0 0 0 0 1 0 0
2343 2 0 0 0 0 0 1 0 0
2347 2 1 1 1 0 0 1 0 0
2352 3 0 0 1 0 0 1 0 0
2359 1 0 0 0 0 0 1 0 0
2363 3 0 0 0 0 0 1 0 0
2364 3 0 0 0 0 0 1 0 0
2365 1 0 0 0 0 0 0 0 0
2368 3 0 0 0 0 0 1 0 0
2372 1 0 0 0 0 0 1 0 0
2377 8 0 0 7 1 0 0 0 0
2513 1 0 0 1 0 0 0 0 0
2584 1 0 0 0 0 0 1 1 1
2586 1 0 0 0 0 0 0 0 0
2588 15 1 1 0 0 0 3 0 0
2590 2 0 0 0 0 0 0 0 0
2592 109 0 0 21 0 0 0 0 0
2593 19 0 0 0 0 0 0 0 0
2601 14 1 1 2 1 1 0 0 0
2626 2 1 1 1 0 0 0 0 0
2636 4 1 1 2 0 0 0 0 0
2638 2 0 0 0 0 0 1 0 0
2639 1 0 0 0 0 0 0 0 0
2673 5 2 2 2 0 0 0 0 0
2675 2 0 0 0 0 0 1 0 0
2676 2 1 1 0 0 0 1 0 0
2677 1 0 0 0 0 0 0 0 0
2712 2 0 0 1 0 0 0 0 0
2722 5 0 0 1 0 0 0 0 0
2745 4 1 1 1 0 0 1 0 0
fn=handle_preload_list
182 3 0 0 1 0 0 0 0 0
789 1 0 0 0 0 0 1 0 0
793 2 0 0 1 0 0 1 0 0
795 1 0 0 0 0 0 1 0 0
797 2 0 0 1 0 0 0 0 0
799 15 1 1 2 0 0 5 2 2
800 3 1 1 1 0 0 0 0 0
808 3 0 0 1 0 0 0 0 0
852 11 1 1 1 1 1 6 0 0
853 3 1 1 0 0 0 0 0 0
857 5 0 0 2 0 0 0 0 0
860 4 2 2 0 0 0 1 0 0
861 3 0 0 0 0 0 0 0 0
863 4 0 0 0 0 0 1 0 0
864 2 0 0 0 0 0 1 0 0
870 1 0 0 0 0 0 0 0 0
872 2 0 0 1 0 0 0 0 0
874 2 0 0 1 0 0 0 0 0
875 1 0 0 0 0 0 0 0 0
878 9 0 0 7 0 0 0 0 0
fn=init_tls
734 4 1 1 0 0 0 3 0 0
736 2 0 0 1 0 0 1 0 0
740 2 0 0 1 0 0 0 0 0
746 2 1 1 0 0 0 1 0 0
749 1 0 0 0 0 0 1 0 0
750 1 0 0 0 0 0 0 0 0
751 1 0 0 0 0 0 0 0 0
756 1 0 0 0 0 0 1 0 0
759 2 0 0 0 0 0 1 0 0
762 1 0 0 0 0 0 1 0 0
769 2 0 0 0 0 0 1 0 0
770 2 0 0 0 0 0 0 0 0
776 2 0 0 1 0 0 1 0 0
780 1 0 0 0 0 0 1 0 0
783 5 0 0 4 0 0 0 0 0
fn=map_doit
641 6 1 1 0 0 0 2 0 0
643 4 0 0 1 0 0 0 0 0
644 6 0 0 2 0 0 2 1 1
646 3 0 0 3 0 0 0 0 0
fn=version_check_doit
674 6 1 1 0 0 0 2 0 0
676 6 0 0 2 0 0 1 0 0
680 3 1 1 3 0 0 0 0 0
fl=./elf/./get-dynamic-info.h
fn=_dl_start
45 76 1 1 19 6 6 0 0 0
49 36 0 0 0 0 0 0 0 0
51 10 0 0 0 0 0 0 0 0
52 5 0 0 0 0 0 0 0 0
54 20 1 1 0 0 0 0 0 0
55 16 0 0 0 0 0 0 0 0
56 5 0 0 0 0 0 0 0 0
59 4 2 2 0 0 0 0 0 0
62 4 1 1 0 0 0 0 0 0
64 4 0 0 0 0 0 0 0 0
68 20 0 0 0 0 0 18 7 7
72 3 0 0 0 0 0 0 0 0
84 4 0 0 2 0 0 0 0 0
85 3 0 0 1 1 1 0 0 0
86 4 1 1 2 0 0 0 0 0
87 4 0 0 2 0 0 0 0 0
88 5 0 0 2 0 0 0 0 0
89 3 0 0 1 0 0 0 0 0
90 4 1 1 2 0 0 0 0 0
91 4 0 0 2 0 0 0 0 0
103 10 1 1 2 0 0 1 0 0
110 3 1 1 1 1 1 0 0 0
123 3 1 1 2 0 0 0 0 0
129 3 0 0 1 0 0 0 0 0
130 3 0 0 2 0 0 0 0 0
133 2 1 1 1 0 0 0 0 0
134 3 0 0 1 0 0 0 0 0
139 5 0 0 2 0 0 0 0 0
142 5 1 1 2 0 0 0 0 0
fn=dl_main
39 4 0 0 2 0 0 0 0 0
43 1 0 0 0 0 0 0 0 0
45 107 0 0 27 7 7 0 0 0
49 52 1 1 0 0 0 0 0 0
51 12 0 0 0 0 0 0 0 0
52 6 0 0 0 0 0 0 0 0
54 24 1 1 0 0 0 0 0 0
55 20 0 0 0 0 0 0 0 0
56 5 1 1 0 0 0 0 0 0
59 4 1 1 0 0 0 0 0 0
62 4 1 1 0 0 0 0 0 0
64 4 1 1 0 0 0 0 0 0
68 26 0 0 0 0 0 26 8 8
72 7 1 1 4 0 0 0 0 0
84 3 0 0 1 0 0 0 0 0
85 5 1 1 3 0 0 0 0 0
86 5 0 0 3 0 0 0 0 0
87 5 0 0 3 0 0 0 0 0
88 4 1 1 2 0 0 0 0 0
89 5 0 0 3 0 0 0 0 0
90 5 0 0 3 0 0 0 0 0
91 5 1 1 3 0 0 0 0 0
103 9 1 1 3 0 0 1 0 0
110 3 0 0 1 0 0 0 0 0
115 2 1 1 1 0 0 0 0 0
122 3 0 0 2 0 0 0 0 0
123 4 0 0 3 0 0 0 0 0
129 3 0 0 1 0 0 0 0 0
147 4 1 1 2 0 0 0 0 0
152 2 0 0 1 0 0 1 1 1
154 2 0 0 0 0 0 0 0 0
156 2 0 0 0 0 0 0 0 0
158 2 1 1 0 0 0 0 0 0
159 2 0 0 1 0 0 1 0 0
162 4 0 0 2 0 0 0 0 0
164 3 0 0 1 0 0 1 0 0
165 2 1 1 0 0 0 0 0 0
174 2 0 0 1 0 0 0 0 0
175 3 1 1 0 0 0 0 0 0
180 2 0 0 0 0 0 0 0 0
181 3 0 0 2 0 0 1 0 0
184 3 0 0 2 0 0 0 0 0
fl=./elf/./setup-vdso.h
fn=dl_main
24 2 1 1 1 0 0 0 0 0
fl=./io/../sysdeps/unix/sysv/linux/access.c
fn=access
25 1 0 0 0 0 0 0 0 0
27 7 0 0 0 0 0 1 0 0
31 1 0 0 1 0 0 0 0 0
fl=./io/../sysdeps/unix/sysv/linux/close_nocancel.c
fn=__GI___close_nocancel
25 3 1 1 0 0 0 0 0 0
26 12 0 0 0 0 0 0 0 0
27 3 0 0 3 0 0 0 0 0
fl=./io/../sysdeps/unix/sysv/linux/fstat64.c
fn=fstat
30 3 1 1 0 0 0 0 0 0
39 12 1 1 0 0 0 0 0 0
72 3 0 0 3 0 0 0 0 0
fl=./io/../sysdeps/unix/sysv/linux/fstatat64.c
fn=fstatat
91 4 0 0 0 0 0 0 0 0
146 4 0 0 0 0 0 0 0 0
160 2 1 1 0 0 0 1 0 0
161 7 0 0 1 0 0 0 0 0
162 1 0 0 1 0 0 0 0 0
fl=./io/../sysdeps/unix/sysv/linux/open64_nocancel.c
fn=__open_nocancel
28 25 1 1 0 0 0 10 2 2
31 35 0 0 0 0 0 0 0 0
39 41 1 1 0 0 0 2 0 0
41 10 0 0 10 0 0 0 0 0
fl=./io/../sysdeps/unix/sysv/linux/pread64_nocancel.c
fn=__pread64_nocancel
25 4 0 0 0 0 0 0 0 0
26 8 0 0 0 0 0 0 0 0
27 2 0 0 2 0 0 0 0 0
fl=./io/../sysdeps/unix/sysv/linux/read_nocancel.c
fn=__read_nocancel
25 2 1 1 0 0 0 0 0 0
26 8 0 0 0 0 0 0 0 0
27 2 1 1 2 0 0 0 0 0
fl=./io/../sysdeps/unix/sysv/linux/stat64.c
fn=stat
28 4 0 0 0 0 0 0 0 0
29 8 0 0 0 0 0 0 0 0
fl=./libio/./libio/genops.c
fn=_IO_cleanup
810 5 1 1 0 0 0 3 0 0
811 8 1 1 3 0 0 2 0 0
814 12 1 1 4 0 0 0 0 0
818 3 1 1 0 0 0 3 0 0
819 36 1 1 15 0 0 6 0 0
827 6 1 1 3 0 0 0 0 0
829 9 1 1 3 0 0 0 0 0
832 9 1 1 3 0 0 0 0 0
834 6 0 0 2 0 0 0 0 0
854 3 0 0 0 0 0 3 0 0
856 36 0 0 12 0 0 6 0 0
857 3 0 0 0 0 0 3 0 0
861 8 1 1 2 0 0 2 0 0
862 2 0 0 0 0 0 1 0 0
882 11 1 1 1 0 0 6 0 0
883 2 0 0 0 0 0 1 0 0
895 11 0 0 8 0 0 0 0 0
fn=_IO_flush_all
713 11 2 2 1 0 0 6 0 0
714 2 1 1 0 0 0 0 0 0
718 5 0 0 0 0 0 3 0 0
719 8 1 1 3 1 1 2 0 0
722 12 1 1 4 1 1 0 0 0
724 3 1 1 0 0 0 3 0 0
725 36 1 1 15 6 6 6 0 0
727 18 1 1 9 5 5 0 0 0
734 9 0 0 3 1 1 0 0 0
735 12 1 1 6 0 0 0 0 0
742 39 1 1 15 0 0 6 0 0
743 3 0 0 0 0 0 3 0 0
747 8 1 1 2 0 0 2 0 0
748 2 0 0 0 0 0 1 0 0
752 11 0 0 8 0 0 0 0 0
fl=./libio/./libio/libioP.h
fn=_IO_cleanup
1037 2 1 1 0 0 0 0 0 0
fn=_IO_flush_all
1037 2 1 1 0 0 0 0 0 0
fl=./libio/./libio/stdfiles.c
fn=_IO_stdfiles_init
64 1 1 1 0 0 0 0 0 0
66 2 0 0 0 0 0 0 0 0
67 12 0 0 4 0 0 0 0 0
68 3 0 0 0 0 0 0 0 0
69 3 0 0 0 0 0 3 0 0
70 1 0 0 1 0 0 0 0 0
fl=./libio/./libio/vtables.c
fn=check_stdfiles_vtables
545 1 1 1 0 0 0 0 0 0
546 4 0 0 2 1 0 0 0 0
547 3 1 1 2 0 0 0 0 0
548 3 0 0 2 0 0 0 0 0
550 1 0 0 1 0 0 0 0 0
fl=./malloc/../sysdeps/unix/sysv/linux/not-cancel.h
fn=__ptmalloc_init
96 7 1 1 1 0 0 1 0 0
fl=./malloc/./malloc/arena.c
fn=__libc_malloc2
151 2 0 0 0 0 0 0 0 0
fn=__ptmalloc_init
251 6 1 1 0 0 0 3 0 0
275 2 0 0 1 0 0 0 0 0
288 4 1 1 1 0 0 1 0 0
292 4 1 1 0 0 0 1 0 0
293 4 0 0 0 0 0 1 0 0
294 4 1 1 0 0 0 1 0 0
295 4 0 0 0 0 0 1 0 0
296 4 0 0 0 0 0 1 0 0
297 4 1 1 0 0 0 1 0 0
298 4 0 0 0 0 0 1 0 0
300 4 0 0 0 0 0 1 0 0
301 4 0 0 0 0 0 1 0 0
302 4 1 1 0 0 0 1 0 0
305 4 0 0 0 0 0 1 0 0
307 4 0 0 1 1 1 0 0 0
317 8 0 0 6 0 0 0 0 0
fn=free
151 3 0 0 0 0 0 0 0 0
fl=./malloc/./malloc/malloc.c
fn=__libc_malloc2
3247 6 1 1 0 0 0 3 0 0
3251 2 0 0 1 0 0 0 0 0
3253 3 1 1 0 0 0 1 1 0
3254 5 1 1 1 0 0 0 0 0
3279 5 0 0 4 0 0 0 0 0
fn=__ptmalloc_init
1853 385 0 0 0 0 0 0 0 0
1856 381 0 0 0 0 0 127 32 32
1864 2 0 0 0 0 0 1 0 0
2960 2 0 0 0 0 0 0 0 0
2974 3 2 2 1 1 1 0 0 0
2975 1 0 0 0 0 0 1 0 0
2976 5 0 0 0 0 0 0 0 0
fn=_int_free_chunk
4351 4 1 1 0 0 0 2 0 0
4356 3 0 0 1 0 0 0 0 0
4359 2 0 0 2 2 2 0 0 0
4373 2 0 0 1 0 0 1 0 0
4386 3 1 1 1 0 0 0 0 0
4388 4 0 0 1 1 1 0 0 0
4390 2 0 0 0 0 0 1 0 0
4391 2 1 1 0 0 0 1 0 0
4392 2 0 0 0 0 0 0 0 0
4396 2 0 0 0 0 0 1 1 1
4400 3 0 0 3 0 0 0 0 0
fn=_int_malloc
1288 6 0 0 0 0 0 0 0 0
2324 3 1 1 2 0 0 1 0 0
2336 2 0 0 1 0 0 0 0 0
2337 3 0 0 2 0 0 0 0 0
2340 4 0 0 1 0 0 0 0 0
2348 8 1 1 1 0 0 4 1 1
2349 2 0 0 0 0 0 0 0 0
3790 8 1 1 0 0 0 6 0 0
3822 2 0 0 0 0 0 0 0 0
3831 2 0 0 0 0 0 0 0 0
3847 2 1 1 0 0 0 0 0 0
3901 28 2 2 0 0 0 0 0 0
3918 4 1 1 1 0 0 1 1 0
3919 3 0 0 0 0 0 0 0 0
3930 4 0 0 1 0 0 0 0 0
4122 2 1 1 0 0 0 0 0 0
4124 4 1 1 0 0 0 0 0 0
4127 3 0 0 1 0 0 0 0 0
4195 1 1 1 0 0 0 0 0 0
4196 2 1 1 0 0 0 0 0 0
4197 2 0 0 0 0 0 0 0 0
4198 2 0 0 1 0 0 0 0 0
4199 3 0 0 0 0 0 0 0 0
4204 4 0 0 0 0 0 0 0 0
4208 3 1 1 0 0 0 0 0 0
4308 2 1 1 1 0 0 1 0 0
4309 3 0 0 1 0 0 1 0 0
4311 2 0 0 1 0 0 0 0 0
4314 4 0 0 0 0 0 1 0 0
4336 4 0 0 0 0 0 1 0 0
4340 9 1 1 7 0 0 0 0 0
fn=alloc_perturb
1887 1 1 1 0 0 0 0 0 0
1888 3 0 0 1 0 0 0 0 0
1890 1 0 0 1 0 0 0 0 0
fn=free
3319 1 1 1 0 0 0 0 0 0
3322 2 0 0 0 0 0 0 0 0
3330 1 1 1 0 0 0 0 0 0
3333 3 1 1 1 1 1 0 0 0
3337 2 0 0 0 0 0 0 0 0
3341 3 0 0 1 1 1 0 0 0
3370 2 0 0 0 0 0 0 0 0
3374 3 0 0 0 0 0 0 0 0
fn=malloc
1269 2 0 0 0 0 0 0 0 0
1288 4 0 0 0 0 0 0 0 0
3283 1 1 1 0 0 0 0 0 0
3287 3 0 0 1 1 1 0 0 0
3306 1 1 1 0 0 0 0 0 0
fn=munmap_chunk
1426 2 0 0 1 0 0 0 0 0
1433 2 0 0 0 0 0 0 0 0
1440 3 0 0 0 0 0 0 0 0
2799 2 1 1 0 0 0 1 0 0
2800 1 0 0 1 1 1 0 0 0
2802 3 0 0 1 0 0 0 0 0
2804 1 0 0 0 0 0 0 0 0
2812 5 1 1 1 1 1 0 0 0
2813 5 0 0 0 0 0 0 0 0
2816 1 0 0 2 0 0 0 0 0
2817 3 0 0 2 0 0 0 0 0
2822 2 1 1 0 0 0 0 0 0
2823 1 0 0 1 0 0 0 0 0
fn=sysmalloc_mmap
1448 3 0 0 0 0 0 1 1 1
1449 3 0 0 0 0 0 1 0 0
1912 2 1 1 1 0 0 0 0 0
2244 7 1 1 0 0 0 4 0 0
2246 3 0 0 0 0 0 0 0 0
2248 9 0 0 0 0 0 1 0 0
2251 2 1 1 0 0 0 0 0 0
2253 2 0 0 0 0 0 0 0 0
2256 4 1 1 0 0 0 1 0 0
2261 4 1 1 2 0 0 0 0 0
2262 5 0 0 2 0 0 0 0 0
2265 3 0 0 2 0 0 0 0 0
2266 5 0 0 2 0 0 0 0 0
2270 1 0 0 0 0 0 0 0 0
2271 7 0 0 5 0 0 0 0 0
fl=./malloc/./malloc/scratch_buffer_set_array_size.c
fn=__libc_scratch_buffer_set_array_size
30 26 1 1 0 0 0 8 0 0
34 2 0 0 0 0 0 0 0 0
35 4 0 0 0 0 0 0 0 0
45 4 1 1 2 0 0 0 0 0
46 2 0 0 0 0 0 0 0 0
63 12 0 0 10 0 0 0 0 0
fl=./misc/../sysdeps/unix/syscall-template.S
fn=mprotect
117 20 1 1 0 0 0 0 0 0
122 4 0 0 4 0 0 0 0 0
fn=munmap
117 10 2 2 0 0 0 0 0 0
122 2 0 0 2 0 0 0 0 0
fl=./misc/../sysdeps/unix/sysv/linux/mmap64.c
fn=mmap
47 91 3 3 0 0 0 39 1 0
50 26 0 0 0 0 0 0 0 0
53 60 2 2 2 0 0 0 0 0
58 78 0 0 0 0 0 0 0 0
60 52 0 0 52 0 0 0 0 0
fl=./misc/../sysdeps/unix/sysv/linux/setvmaname.c
fn=__is_decorate_maps_enabled
33 1 1 1 0 0 0 0 0 0
34 3 0 0 1 0 0 0 0 0
43 2 0 0 1 0 0 0 0 0
fn=__set_vma_name
34 18 0 0 4 1 0 1 0 0
37 24 2 2 8 0 0 6 0 0
42 2 0 0 0 0 0 2 0 0
43 1 0 0 0 0 0 0 0 0
60 12 3 3 0 0 0 2 0 0
70 10 1 1 7 0 0 2 1 1
fl=./misc/./misc/init-misc.c
fn=__init_misc
30 5 1 1 0 0 0 2 0 0
31 5 0 0 1 0 0 0 0 0
33 4 1 1 0 0 0 2 0 0
37 6 0 0 2 0 0 1 0 0
38 4 0 0 3 0 0 1 0 0
40 2 0 0 2 0 0 0 0 0
fl=./nptl/./nptl/libc-cleanup.c
fn=__libc_cleanup_pop_restore
54 2 0 0 0 0 0 0 0 0
55 2 0 0 2 0 0 0 0 0
57 4 0 0 2 0 0 2 0 0
59 4 1 1 2 0 0 0 0 0
60 6 0 0 2 0 0 0 0 0
71 2 0 0 2 0 0 0 0 0
fn=__libc_cleanup_push_defer
24 2 1 1 0 0 0 0 0 0
25 2 0 0 2 0 0 0 0 0
27 4 0 0 2 0 0 2 0 0
29 4 0 0 2 1 1 0 0 0
32 4 0 0 0 0 0 0 0 0
46 6 1 1 0 0 0 2 0 0
48 2 0 0 0 0 0 2 0 0
49 2 0 0 2 0 0 0 0 0
fl=./nptl/./nptl/pthread_mutex_conf.c
fn=__pthread_tunables_init
55 5 1 1 0 0 0 2 0 0
56 6 1 1 1 0 0 2 0 0
58 4 0 0 0 0 0 1 0 0
60 4 0 0 0 0 0 1 0 0
62 6 1 1 5 0 0 0 0 0
fl=./nptl/./nptl/pthread_mutex_lock.c
fn=pthread_mutex_lock@@GLIBC_2.2.5
44 1 1 1 1 0 0 0 0 0
45 7 0 0 2 1 1 0 0 0
46 3 0 0 0 0 0 1 0 0
71 4 1 1 0 0 0 1 0 0
74 1 0 0 1 0 0 0 0 0
76 1 0 0 0 0 0 0 0 0
78 3 0 0 0 0 0 0 0 0
81 1 0 0 1 1 1 0 0 0
83 2 0 0 0 0 0 0 0 0
90 2 1 1 0 0 0 0 0 0
95 2 0 0 1 0 0 0 0 0
104 1 0 0 0 0 0 0 0 0
110 3 0 0 1 0 0 0 0 0
111 2 1 1 0 0 0 1 0 0
158 1 1 1 0 0 0 1 0 0
160 1 0 0 1 0 0 0 0 0
163 1 0 0 0 0 0 0 0 0
166 2 0 0 2 0 0 0 0 0
fl=./nptl/./nptl/pthread_mutex_unlock.c
fn=pthread_mutex_unlock@@GLIBC_2.2.5
39 1 0 0 1 0 0 0 0 0
40 4 1 1 1 0 0 0 0 0
41 1 0 0 0 0 0 1 0 0
51 1 0 0 1 0 0 0 0 0
52 2 0 0 0 0 0 0 0 0
55 2 0 0 0 0 0 0 0 0
60 1 0 0 0 0 0 1 0 0
63 1 0 0 1 0 0 0 0 0
68 1 0 0 0 0 0 0 0 0
70 1 0 0 0 0 0 0 0 0
72 2 1 1 0 0 0 0 0 0
75 3 0 0 2 0 0 0 0 0
78 2 0 0 1 0 0 0 0 0
357 4 1 1 0 0 0 1 0 0
359 2 0 0 2 0 0 0 0 0
fl=./posix/../malloc/dynarray-skeleton.c
fn=__unregister_atfork
243 2 0 0 2 1 1 0 0 0
fl=./posix/../sysdeps/unix/sysv/linux/_exit.c
fn=_Exit
27 3 1 1 1 0 0 0 0 0
30 2 0 0 0 0 0 0 0 0
fl=./posix/./posix/register-atfork.c
fn=__unregister_atfork
71 4 0 0 0 0 0 0 0 0
82 10 1 1 0 0 0 2 0 0
83 8 0 0 2 1 1 0 0 0
109 8 1 1 4 0 0 0 0 0
110 4 0 0 4 0 0 0 0 0
fl=./resource/../sysdeps/unix/sysv/linux/getrlimit64.c
fn=getrlimit
38 2 1 1 0 0 0 0 0 0
39 7 0 0 0 0 0 0 0 0
40 1 0 0 1 0 0 0 0 0
fl=./setjmp/../sysdeps/x86_64/bsd-_setjmp.S
fn=_setjmp
28 1 1 1 0 0 0 0 0 0
30 1 0 0 0 0 0 0 0 0
32 1 0 0 0 0 0 0 0 0
fl=./setjmp/../sysdeps/x86_64/setjmp.S
fn=__sigsetjmp
31 4 2 2 0 0 0 0 0 0
33 4 0 0 0 0 0 4 1 1
42 4 0 0 0 0 0 0 0 0
43 8 0 0 4 0 0 0 0 0
44 4 0 0 0 0 0 4 0 0
48 4 0 0 0 0 0 4 0 0
49 4 1 1 0 0 0 4 0 0
50 4 0 0 0 0 0 4 0 0
51 4 0 0 0 0 0 4 0 0
52 4 0 0 0 0 0 0 0 0
54 8 1 1 4 0 0 0 0 0
56 4 0 0 0 0 0 4 0 0
57 4 0 0 4 0 0 0 0 0
58 4 0 0 0 0 0 0 0 0
60 8 0 0 4 0 0 0 0 0
62 4 0 0 0 0 0 4 0 0
67 1 1 1 1 1 0 0 0 0
68 1 0 0 0 0 0 0 0 0
70 3 0 0 0 0 0 0 0 0
73 3 0 0 0 0 0 0 0 0
74 3 0 0 0 0 0 3 1 1
81 3 0 0 0 0 0 0 0 0
82 3 0 0 3 0 0 0 0 0
85 1 0 0 0 0 0 0 0 0
fl=./setjmp/./setjmp/sigjmp.c
fn=__sigjmp_save
28 1 0 0 0 0 0 0 0 0
29 1 0 0 0 0 0 1 0 0
30 2 0 0 0 0 0 0 0 0
34 2 0 0 1 0 0 0 0 0
fl=./stdlib/../sysdeps/unix/sysv/linux/getrandom.c
fn=__getrandom_early_init
238 7 1 1 1 0 0 2 0 0
241 6 0 0 2 1 0 0 0 0
278 5 1 1 4 0 0 0 0 0
fl=./stdlib/./stdlib/cxa_atexit.c
fn=__cxa_atexit
41 2 0 0 0 0 0 0 0 0
43 8 0 0 1 0 0 0 0 0
44 2 0 0 0 0 0 1 0 0
46 2 0 0 0 0 0 0 0 0
52 3 1 1 1 0 0 0 0 0
53 1 0 0 0 0 0 1 0 0
54 1 0 0 0 0 0 1 0 0
55 1 0 0 0 0 0 1 0 0
56 1 0 0 0 0 0 1 0 0
57 5 0 0 2 0 0 0 0 0
58 1 0 0 0 0 0 0 0 0
67 7 2 2 0 0 0 4 0 0
69 6 0 0 5 0 0 0 0 0
fn=__new_exitfn
80 5 1 1 0 0 0 1 0 0
81 1 0 0 0 0 0 0 0 0
86 2 0 0 1 1 1 0 0 0
91 9 0 0 2 1 0 0 0 0
93 4 1 1 1 0 0 0 0 0
101 1 0 0 0 0 0 1 0 0
122 1 1 1 0 0 0 0 0 0
123 1 1 1 0 0 0 1 0 0
134 1 0 0 0 0 0 0 0 0
136 1 0 0 0 0 0 1 0 0
137 1 0 0 1 0 0 0 0 0
141 3 0 0 2 0 0 0 0 0
fl=./stdlib/./stdlib/cxa_finalize.c
fn=__cxa_finalize
45 20 1 1 0 0 0 12 0 0
48 14 1 1 2 0 0 0 0 0
51 14 1 1 4 0 0 0 0 0
55 14 1 1 2 0 0 0 0 0
108 14 0 0 4 1 1 0 0 0
112 12 1 1 2 1 1 0 0 0
120 4 1 1 0 0 0 2 0 0
121 8 0 0 4 0 0 0 0 0
122 16 0 0 14 0 0 0 0 0
fl=./stdlib/./stdlib/cxa_thread_atexit_impl.c
fn=__call_tls_dtors
148 5 1 1 0 0 0 3 0 0
149 4 0 0 2 2 2 0 0 0
165 4 2 2 4 0 0 0 0 0
fl=./stdlib/./stdlib/exit.c
fn=__run_exit_handlers
45 12 2 2 0 0 0 7 0 0
47 9 1 1 4 2 2 1 0 0
50 2 0 0 0 0 0 0 0 0
51 2 1 1 0 0 0 1 0 0
53 7 0 0 1 1 1 0 0 0
64 1 0 0 1 1 1 0 0 0
66 2 0 0 0 0 0 0 0 0
70 1 0 0 0 0 0 1 0 0
74 6 1 1 2 0 0 0 0 0
76 2 0 0 0 0 0 1 0 0
77 1 0 0 1 0 0 0 0 0
79 7 0 0 1 0 0 0 0 0
111 1 0 0 0 0 0 1 0 0
112 1 1 1 1 0 0 0 0 0
113 1 0 0 1 1 1 0 0 0
114 3 1 1 1 0 0 0 0 0
117 4 0 0 2 0 0 0 0 0
118 3 0 0 0 0 0 1 0 0
119 4 0 0 1 0 0 0 0 0
123 3 2 2 1 0 0 0 0 0
129 2 0 0 1 0 0 1 0 0
130 2 0 0 0 0 0 0 0 0
136 4 1 1 2 0 0 0 0 0
138 2 0 0 1 0 0 0 0 0
139 2 0 0 0 0 0 1 0 0
141 2 0 0 0 0 0 1 0 0
fn=exit
147 3 1 1 0 0 0 1 0 0
148 4 0 0 0 0 0 1 0 0
fl=./string/../include/rtld-malloc.h
fn=strdup
56 6 0 0 3 0 0 3 0 0
fl=./string/../string/strcspn.c
fn=strcspn
32 5 1 1 0 0 0 1 0 0
33 3 0 0 1 1 1 0 0 0
34 2 0 0 1 0 0 0 0 0
39 6 1 1 0 0 0 4 2 2
40 4 0 0 0 0 0 4 1 1
41 4 0 0 0 0 0 4 1 1
42 4 1 1 0 0 0 4 0 0
44 1 0 0 0 0 0 0 0 0
47 9 0 0 3 0 0 3 0 0
48 6 0 0 0 0 0 0 0 0
51 4 0 0 2 0 0 0 0 0
52 4 1 1 2 0 0 0 0 0
53 4 0 0 2 0 0 0 0 0
54 4 0 0 2 0 0 0 0 0
56 3 0 0 0 0 0 0 0 0
61 12 0 0 0 0 0 0 0 0
62 24 1 1 24 0 0 0 0 0
63 24 0 0 24 0 0 0 0 0
64 24 0 0 24 0 0 0 0 0
65 12 0 0 12 0 0 0 0 0
67 72 0 0 12 0 0 0 0 0
69 1 0 0 0 0 0 0 0 0
70 4 0 0 0 0 0 0 0 0
71 2 1 1 2 0 0 0 0 0
fl=./string/../sysdeps/x86/cacheinfo.c
fn=__x86_cacheinfo
86 3 1 1 1 0 0 0 0 0
fl=./string/../sysdeps/x86/cacheinfo.h
fn=__x86_cacheinfo
62 1 0 0 1 0 0 0 0 0
65 3 0 0 1 1 0 0 0 0
67 3 0 0 0 0 0 1 1 1
68 1 0 0 0 0 0 1 1 1
74 3 1 1 1 0 0 0 0 0
76 3 0 0 0 0 0 1 0 0
77 1 0 0 0 0 0 1 0 0
81 2 0 0 1 0 0 1 1 1
84 2 0 0 1 0 0 1 0 0
86 2 1 1 1 0 0 1 0 0
87 2 0 0 1 0 0 1 0 0
88 2 0 0 1 0 0 1 0 0
90 2 0 0 1 0 0 0 0 0
fl=./string/../sysdeps/x86_64/multiarch/../multiarch/memset-vec-unaligned-erms.S
fn=memset
137 8 2 1 0 0 0 0 0 0
138 40 0 0 0 0 0 0 0 0
143 8 0 0 0 0 0 0 0 0
144 8 0 0 0 0 0 0 0 0
147 3 0 0 0 0 0 0 0 0
148 3 0 0 0 0 0 0 0 0
150 1 0 0 0 0 0 1 1 1
151 1 0 0 0 0 0 1 0 0
152 1 0 0 1 0 0 0 0 0
236 2 1 1 0 0 0 2 1 1
237 2 0 0 0 0 0 2 1 1
249 2 0 0 0 0 0 0 0 0
252 2 0 0 0 0 0 0 0 0
253 2 0 0 0 0 0 0 0 0
265 2 0 0 0 0 0 2 0 0
266 2 0 0 0 0 0 2 1 1
279 2 0 0 0 0 0 0 0 0
280 2 0 0 0 0 0 0 0 0
282 2 0 0 0 0 0 0 0 0
285 1 0 0 0 0 0 0 0 0
288 2 0 0 0 0 0 0 0 0
291 36 0 0 0 0 0 36 35 35
292 36 0 0 0 0 0 36 0 0
293 36 0 0 0 0 0 36 0 0
294 36 0 0 0 0 0 36 0 0
295 36 0 0 0 0 0 0 0 0
296 36 0 0 0 0 0 0 0 0
297 36 0 0 0 0 0 0 0 0
300 2 0 0 0 0 0 2 1 1
301 2 0 0 0 0 0 2 0 0
302 2 0 0 0 0 0 2 0 0
303 2 0 0 0 0 0 2 0 0
308 2 0 0 2 0 0 0 0 0
354 5 1 1 0 0 0 0 0 0
356 5 0 0 0 0 0 0 0 0
357 5 0 0 0 0 0 0 0 0
396 5 1 1 0 0 0 5 1 1
397 5 0 0 0 0 0 5 0 0
399 5 0 0 5 0 0 0 0 0
fl=./string/../sysdeps/x86_64/multiarch/../multiarch/strchr-sse2.S
fn=index
32 15 1 1 0 0 0 0 0 0
33 15 0 0 0 0 0 0 0 0
34 15 0 0 0 0 0 0 0 0
35 15 0 0 0 0 0 0 0 0
36 15 1 1 0 0 0 0 0 0
37 15 0 0 0 0 0 0 0 0
38 15 0 0 0 0 0 0 0 0
39 15 0 0 0 0 0 0 0 0
40 15 0 0 0 0 0 0 0 0
41 15 0 0 15 2 2 0 0 0
42 15 0 0 0 0 0 0 0 0
43 15 0 0 0 0 0 0 0 0
44 15 0 0 0 0 0 0 0 0
45 15 0 0 0 0 0 0 0 0
46 15 0 0 0 0 0 0 0 0
47 15 0 0 0 0 0 0 0 0
48 15 0 0 0 0 0 0 0 0
49 15 0 0 0 0 0 0 0 0
50 13 0 0 0 0 0 0 0 0
54 13 0 0 0 0 0 0 0 0
55 13 1 1 0 0 0 0 0 0
56 13 0 0 13 0 0 0 0 0
57 13 0 0 0 0 0 0 0 0
59 13 0 0 13 0 0 0 0 0
63 2 0 0 2 0 0 0 0 0
64 2 0 0 0 0 0 0 0 0
65 2 0 0 0 0 0 0 0 0
66 2 0 0 0 0 0 0 0 0
67 2 0 0 0 0 0 0 0 0
68 2 0 0 0 0 0 0 0 0
69 2 0 0 2 0 0 0 0 0
70 2 0 0 0 0 0 0 0 0
71 2 0 0 0 0 0 0 0 0
72 2 0 0 0 0 0 0 0 0
73 2 0 0 0 0 0 0 0 0
74 2 1 1 0 0 0 0 0 0
75 2 0 0 0 0 0 0 0 0
76 2 0 0 2 0 0 0 0 0
77 2 0 0 0 0 0 0 0 0
78 2 0 0 0 0 0 0 0 0
79 2 0 0 0 0 0 0 0 0
80 2 0 0 0 0 0 0 0 0
81 2 0 0 0 0 0 0 0 0
82 2 0 0 0 0 0 0 0 0
83 2 0 0 0 0 0 0 0 0
84 2 0 0 0 0 0 0 0 0
85 2 0 0 0 0 0 0 0 0
86 2 0 0 0 0 0 0 0 0
138 2 1 1 0 0 0 0 0 0
142 2 0 0 0 0 0 0 0 0
143 2 0 0 0 0 0 0 0 0
144 2 0 0 2 0 0 0 0 0
145 2 0 0 0 0 0 0 0 0
147 2 0 0 2 0 0 0 0 0
fl=./string/../sysdeps/x86_64/multiarch/../multiarch/strcmp-sse2.S
fn=strcmp
98 167 1 1 0 0 0 0 0 0
131 167 0 0 0 0 0 0 0 0
132 167 0 0 0 0 0 0 0 0
134 167 0 0 0 0 0 0 0 0
135 167 0 0 0 0 0 0 0 0
156 167 0 0 0 0 0 0 0 0
157 167 0 0 0 0 0 0 0 0
158 65 0 0 0 0 0 0 0 0
159 65 0 0 0 0 0 0 0 0
160 44 0 0 44 10 10 0 0 0
161 44 1 1 44 3 3 0 0 0
162 44 0 0 44 0 0 0 0 0
163 44 0 0 44 0 0 0 0 0
180 44 0 0 0 0 0 0 0 0
181 44 0 0 0 0 0 0 0 0
182 44 0 0 0 0 0 0 0 0
183 44 0 0 0 0 0 0 0 0
184 44 0 0 0 0 0 0 0 0
185 44 0 0 0 0 0 0 0 0
186 44 0 0 0 0 0 0 0 0
191 14 0 0 0 0 0 0 0 0
192 42 0 0 0 0 0 0 0 0
201 137 1 1 0 0 0 0 0 0
202 137 0 0 0 0 0 0 0 0
203 137 0 0 0 0 0 0 0 0
204 137 0 0 0 0 0 0 0 0
205 137 0 0 0 0 0 0 0 0
206 137 0 0 0 0 0 0 0 0
207 137 0 0 0 0 0 0 0 0
208 137 0 0 0 0 0 0 0 0
209 78 0 0 0 0 0 0 0 0
210 40 0 0 0 0 0 0 0 0
211 40 0 0 0 0 0 0 0 0
212 40 0 0 0 0 0 0 0 0
214 78 0 0 0 0 0 0 0 0
215 78 0 0 0 0 0 0 0 0
216 78 0 0 0 0 0 0 0 0
217 78 0 0 78 1 1 0 0 0
218 78 0 0 0 0 0 0 0 0
219 78 0 0 0 0 0 0 0 0
229 59 1 1 59 0 0 0 0 0
230 59 0 0 0 0 0 0 0 0
231 59 0 0 0 0 0 0 0 0
233 59 0 0 59 0 0 0 0 0
239 59 0 0 0 0 0 0 0 0
240 59 0 0 0 0 0 0 0 0
241 59 0 0 0 0 0 0 0 0
242 59 0 0 0 0 0 0 0 0
243 59 0 0 0 0 0 0 0 0
248 59 0 0 0 0 0 0 0 0
250 59 0 0 0 0 0 0 0 0
251 59 0 0 0 0 0 0 0 0
252 118 0 0 0 0 0 0 0 0
260 59 1 1 59 0 0 0 0 0
261 59 0 0 59 0 0 0 0 0
264 59 0 0 0 0 0 0 0 0
265 59 0 0 0 0 0 0 0 0
266 59 0 0 0 0 0 0 0 0
267 59 0 0 0 0 0 0 0 0
268 59 0 0 0 0 0 0 0 0
269 59 0 0 0 0 0 0 0 0
542 1 1 1 0 0 0 0 0 0
543 1 0 0 1 0 0 0 0 0
544 1 0 0 1 0 0 0 0 0
545 1 0 0 0 0 0 0 0 0
546 1 0 0 0 0 0 0 0 0
548 1 0 0 0 0 0 0 0 0
549 1 0 0 0 0 0 0 0 0
550 1 1 1 0 0 0 0 0 0
551 1 0 0 0 0 0 0 0 0
552 1 0 0 0 0 0 0 0 0
553 1 0 0 0 0 0 0 0 0
554 1 0 0 0 0 0 0 0 0
555 1 0 0 1 0 0 0 0 0
559 1 0 0 0 0 0 0 0 0
560 1 0 0 0 0 0 0 0 0
561 1 0 0 0 0 0 0 0 0
567 1 0 0 0 0 0 0 0 0
568 1 0 0 0 0 0 0 0 0
569 2 0 0 0 0 0 0 0 0
573 1 1 1 0 0 0 0 0 0
574 1 0 0 0 0 0 0 0 0
577 1 0 0 1 0 0 0 0 0
578 1 0 0 1 1 1 0 0 0
579 1 0 0 0 0 0 0 0 0
581 1 0 0 0 0 0 0 0 0
582 1 0 0 0 0 0 0 0 0
583 1 0 0 0 0 0 0 0 0
587 1 0 0 0 0 0 0 0 0
588 1 0 0 0 0 0 0 0 0
589 1 0 0 0 0 0 0 0 0
590 1 0 0 0 0 0 0 0 0
591 1 0 0 0 0 0 0 0 0
592 1 1 1 0 0 0 0 0 0
661 2 1 1 0 0 0 0 0 0
662 2 0 0 2 1 0 0 0 0
663 2 0 0 2 0 0 0 0 0
664 2 0 0 0 0 0 0 0 0
665 2 0 0 0 0 0 0 0 0
667 2 0 0 0 0 0 0 0 0
668 2 0 0 0 0 0 0 0 0
669 2 1 1 0 0 0 0 0 0
670 2 0 0 0 0 0 0 0 0
671 2 0 0 0 0 0 0 0 0
672 2 0 0 0 0 0 0 0 0
673 2 0 0 0 0 0 0 0 0
674 2 0 0 2 0 0 0 0 0
678 2 0 0 0 0 0 0 0 0
679 2 0 0 0 0 0 0 0 0
680 2 0 0 0 0 0 0 0 0
686 2 0 0 0 0 0 0 0 0
687 2 0 0 0 0 0 0 0 0
688 4 0 0 0 0 0 0 0 0
692 2 1 1 0 0 0 0 0 0
693 2 0 0 0 0 0 0 0 0
696 2 0 0 2 0 0 0 0 0
697 2 0 0 2 1 1 0 0 0
698 2 0 0 0 0 0 0 0 0
700 2 0 0 0 0 0 0 0 0
701 2 0 0 0 0 0 0 0 0
702 2 0 0 0 0 0 0 0 0
706 2 0 0 0 0 0 0 0 0
707 2 0 0 0 0 0 0 0 0
708 2 0 0 0 0 0 0 0 0
709 2 0 0 0 0 0 0 0 0
710 2 0 0 0 0 0 0 0 0
711 2 1 1 0 0 0 0 0 0
780 2 1 1 0 0 0 0 0 0
781 2 0 0 2 0 0 0 0 0
782 2 0 0 2 0 0 0 0 0
783 2 0 0 0 0 0 0 0 0
784 2 0 0 0 0 0 0 0 0
786 2 0 0 0 0 0 0 0 0
787 2 0 0 0 0 0 0 0 0
788 2 1 1 0 0 0 0 0 0
789 2 0 0 0 0 0 0 0 0
790 2 0 0 0 0 0 0 0 0
791 2 0 0 0 0 0 0 0 0
792 2 0 0 0 0 0 0 0 0
793 1 0 0 1 0 0 0 0 0
797 1 0 0 0 0 0 0 0 0
798 1 0 0 0 0 0 0 0 0
799 1 0 0 0 0 0 0 0 0
805 1 0 0 0 0 0 0 0 0
806 1 0 0 0 0 0 0 0 0
807 2 0 0 0 0 0 0 0 0
811 1 1 1 0 0 0 0 0 0
812 1 0 0 0 0 0 0 0 0
815 1 0 0 1 0 0 0 0 0
816 1 0 0 1 1 1 0 0 0
817 1 0 0 0 0 0 0 0 0
819 1 0 0 0 0 0 0 0 0
820 1 0 0 0 0 0 0 0 0
821 1 0 0 0 0 0 0 0 0
825 1 0 0 0 0 0 0 0 0
826 1 0 0 0 0 0 0 0 0
827 1 0 0 0 0 0 0 0 0
828 1 0 0 0 0 0 0 0 0
829 1 0 0 0 0 0 0 0 0
830 1 1 1 0 0 0 0 0 0
837 1 0 0 0 0 0 0 0 0
838 1 0 0 0 0 0 0 0 0
840 1 0 0 0 0 0 0 0 0
841 1 0 0 0 0 0 0 0 0
843 1 0 0 1 0 0 0 0 0
844 1 0 0 1 0 0 0 0 0
845 1 0 0 0 0 0 0 0 0
847 1 0 0 0 0 0 0 0 0
848 1 0 0 0 0 0 0 0 0
849 1 0 0 0 0 0 0 0 0
853 1 0 0 0 0 0 0 0 0
854 1 0 0 0 0 0 0 0 0
855 1 0 0 0 0 0 0 0 0
856 1 0 0 0 0 0 0 0 0
857 1 1 1 0 0 0 0 0 0
858 1 0 0 0 0 0 0 0 0
899 2 1 1 0 0 0 0 0 0
900 2 0 0 2 0 0 0 0 0
901 2 0 0 2 0 0 0 0 0
902 2 0 0 0 0 0 0 0 0
903 2 0 0 0 0 0 0 0 0
905 2 0 0 0 0 0 0 0 0
906 2 0 0 0 0 0 0 0 0
907 2 1 1 0 0 0 0 0 0
908 2 0 0 0 0 0 0 0 0
909 2 0 0 0 0 0 0 0 0
910 2 0 0 0 0 0 0 0 0
911 2 0 0 0 0 0 0 0 0
912 2 0 0 2 0 0 0 0 0
916 2 0 0 0 0 0 0 0 0
917 2 0 0 0 0 0 0 0 0
918 2 0 0 0 0 0 0 0 0
924 2 0 0 0 0 0 0 0 0
925 2 0 0 0 0 0 0 0 0
926 4 0 0 0 0 0 0 0 0
930 2 1 1 0 0 0 0 0 0
931 2 0 0 0 0 0 0 0 0
934 2 0 0 2 0 0 0 0 0
935 2 0 0 2 1 1 0 0 0
936 2 0 0 0 0 0 0 0 0
938 2 0 0 0 0 0 0 0 0
939 2 0 0 0 0 0 0 0 0
940 2 0 0 0 0 0 0 0 0
944 2 0 0 0 0 0 0 0 0
945 2 0 0 0 0 0 0 0 0
946 2 0 0 0 0 0 0 0 0
947 2 0 0 0 0 0 0 0 0
948 2 0 0 0 0 0 0 0 0
949 2 1 1 0 0 0 0 0 0
1018 8 1 1 0 0 0 0 0 0
1019 8 0 0 8 0 0 0 0 0
1020 8 0 0 8 1 1 0 0 0
1021 8 0 0 0 0 0 0 0 0
1022 8 0 0 0 0 0 0 0 0
1024 8 0 0 0 0 0 0 0 0
1025 8 0 0 0 0 0 0 0 0
1026 8 2 1 0 0 0 0 0 0
1027 8 0 0 0 0 0 0 0 0
1028 8 0 0 0 0 0 0 0 0
1029 8 0 0 0 0 0 0 0 0
1030 8 0 0 0 0 0 0 0 0
1031 2 0 0 2 0 0 0 0 0
1035 2 0 0 0 0 0 0 0 0
1036 2 0 0 0 0 0 0 0 0
1037 2 0 0 0 0 0 0 0 0
1043 2 0 0 0 0 0 0 0 0
1044 2 0 0 0 0 0 0 0 0
1045 4 0 0 0 0 0 0 0 0
1049 2 1 1 0 0 0 0 0 0
1050 2 0 0 0 0 0 0 0 0
1053 2 0 0 2 0 0 0 0 0
1054 2 0 0 2 0 0 0 0 0
1055 2 0 0 0 0 0 0 0 0
1057 2 0 0 0 0 0 0 0 0
1058 2 0 0 0 0 0 0 0 0
1059 2 0 0 0 0 0 0 0 0
1063 2 0 0 0 0 0 0 0 0
1064 2 0 0 0 0 0 0 0 0
1065 2 0 0 0 0 0 0 0 0
1066 2 0 0 0 0 0 0 0 0
1067 2 0 0 0 0 0 0 0 0
1068 2 1 1 0 0 0 0 0 0
1075 1 0 0 0 0 0 0 0 0
1076 1 0 0 0 0 0 0 0 0
1078 1 0 0 0 0 0 0 0 0
1079 1 0 0 0 0 0 0 0 0
1081 1 0 0 1 0 0 0 0 0
1082 1 0 0 1 0 0 0 0 0
1083 1 0 0 0 0 0 0 0 0
1085 1 0 0 0 0 0 0 0 0
1086 1 0 0 0 0 0 0 0 0
1087 1 0 0 0 0 0 0 0 0
1091 1 0 0 0 0 0 0 0 0
1092 1 0 0 0 0 0 0 0 0
1093 1 0 0 0 0 0 0 0 0
1094 1 0 0 0 0 0 0 0 0
1095 1 1 1 0 0 0 0 0 0
1096 1 0 0 0 0 0 0 0 0
1137 5 1 1 0 0 0 0 0 0
1138 5 0 0 5 1 1 0 0 0
1139 5 0 0 5 1 1 0 0 0
1140 5 0 0 0 0 0 0 0 0
1141 5 0 0 0 0 0 0 0 0
1143 5 0 0 0 0 0 0 0 0
1144 5 0 0 0 0 0 0 0 0
1145 5 1 1 0 0 0 0 0 0
1146 5 0 0 0 0 0 0 0 0
1147 5 0 0 0 0 0 0 0 0
1148 5 0 0 0 0 0 0 0 0
1149 5 0 0 0 0 0 0 0 0
1150 3 0 0 3 0 0 0 0 0
1154 3 0 0 0 0 0 0 0 0
1155 3 0 0 0 0 0 0 0 0
1156 3 0 0 0 0 0 0 0 0
1162 3 0 0 0 0 0 0 0 0
1163 3 0 0 0 0 0 0 0 0
1164 6 0 0 0 0 0 0 0 0
1168 3 1 1 0 0 0 0 0 0
1169 3 0 0 0 0 0 0 0 0
1172 3 0 0 3 0 0 0 0 0
1173 3 0 0 3 1 1 0 0 0
1174 3 0 0 0 0 0 0 0 0
1176 3 0 0 0 0 0 0 0 0
1177 3 0 0 0 0 0 0 0 0
1178 3 0 0 0 0 0 0 0 0
1182 3 0 0 0 0 0 0 0 0
1183 3 0 0 0 0 0 0 0 0
1184 3 0 0 0 0 0 0 0 0
1185 3 0 0 0 0 0 0 0 0
1186 3 0 0 0 0 0 0 0 0
1187 3 1 1 0 0 0 0 0 0
1194 1 0 0 0 0 0 0 0 0
1195 1 0 0 0 0 0 0 0 0
1197 1 0 0 0 0 0 0 0 0
1198 1 0 0 0 0 0 0 0 0
1200 1 0 0 1 0 0 0 0 0
1201 1 0 0 1 0 0 0 0 0
1202 1 0 0 0 0 0 0 0 0
1204 1 0 0 0 0 0 0 0 0
1205 1 0 0 0 0 0 0 0 0
1206 1 0 0 0 0 0 0 0 0
1210 1 0 0 0 0 0 0 0 0
1211 1 0 0 0 0 0 0 0 0
1212 1 0 0 0 0 0 0 0 0
1213 1 0 0 0 0 0 0 0 0
1214 1 1 1 0 0 0 0 0 0
1215 1 0 0 0 0 0 0 0 0
1256 26 1 1 0 0 0 0 0 0
1257 26 0 0 26 2 2 0 0 0
1258 26 0 0 26 1 1 0 0 0
1259 26 0 0 0 0 0 0 0 0
1260 26 0 0 0 0 0 0 0 0
1262 26 0 0 0 0 0 0 0 0
1263 26 0 0 0 0 0 0 0 0
1264 26 1 1 0 0 0 0 0 0
1265 26 0 0 0 0 0 0 0 0
1266 26 0 0 0 0 0 0 0 0
1267 26 0 0 0 0 0 0 0 0
1268 26 0 0 0 0 0 0 0 0
1269 24 0 0 24 0 0 0 0 0
1273 24 0 0 0 0 0 0 0 0
1274 24 0 0 0 0 0 0 0 0
1275 24 0 0 0 0 0 0 0 0
1281 24 0 0 0 0 0 0 0 0
1282 24 0 0 0 0 0 0 0 0
1283 48 0 0 0 0 0 0 0 0
1287 24 1 1 0 0 0 0 0 0
1288 24 0 0 0 0 0 0 0 0
1291 24 0 0 24 1 1 0 0 0
1292 24 0 0 24 1 1 0 0 0
1293 24 0 0 0 0 0 0 0 0
1295 24 0 0 0 0 0 0 0 0
1296 24 0 0 0 0 0 0 0 0
1297 24 0 0 0 0 0 0 0 0
1301 24 0 0 0 0 0 0 0 0
1302 24 0 0 0 0 0 0 0 0
1303 24 0 0 0 0 0 0 0 0
1304 24 0 0 0 0 0 0 0 0
1305 24 0 0 0 0 0 0 0 0
1306 24 1 1 0 0 0 0 0 0
1375 1 1 1 0 0 0 0 0 0
1376 1 0 0 1 0 0 0 0 0
1377 1 0 0 1 0 0 0 0 0
1378 1 0 0 0 0 0 0 0 0
1379 1 0 0 0 0 0 0 0 0
1381 1 0 0 0 0 0 0 0 0
1382 1 0 0 0 0 0 0 0 0
1383 1 1 1 0 0 0 0 0 0
1384 1 0 0 0 0 0 0 0 0
1385 1 0 0 0 0 0 0 0 0
1386 1 0 0 0 0 0 0 0 0
1387 1 0 0 0 0 0 0 0 0
1494 10 1 1 0 0 0 0 0 0
1495 10 0 0 10 2 2 0 0 0
1496 10 0 0 10 1 1 0 0 0
1497 10 0 0 0 0 0 0 0 0
1498 10 0 0 0 0 0 0 0 0
1500 10 0 0 0 0 0 0 0 0
1501 10 0 0 0 0 0 0 0 0
1502 10 1 1 0 0 0 0 0 0
1503 10 0 0 0 0 0 0 0 0
1504 10 0 0 0 0 0 0 0 0
1505 10 0 0 0 0 0 0 0 0
1506 10 0 0 0 0 0 0 0 0
1507 5 0 0 5 0 0 0 0 0
1511 5 0 0 0 0 0 0 0 0
1512 5 0 0 0 0 0 0 0 0
1513 5 0 0 0 0 0 0 0 0
1519 5 0 0 0 0 0 0 0 0
1520 5 0 0 0 0 0 0 0 0
1521 10 0 0 0 0 0 0 0 0
1525 5 1 1 0 0 0 0 0 0
1526 5 0 0 0 0 0 0 0 0
1529 5 0 0 5 1 1 0 0 0
1530 5 0 0 5 1 1 0 0 0
1531 5 0 0 0 0 0 0 0 0
1533 5 0 0 0 0 0 0 0 0
1534 5 0 0 0 0 0 0 0 0
1535 5 0 0 0 0 0 0 0 0
1539 5 0 0 0 0 0 0 0 0
1540 5 0 0 0 0 0 0 0 0
1541 5 0 0 0 0 0 0 0 0
1542 5 0 0 0 0 0 0 0 0
1543 5 0 0 0 0 0 0 0 0
1544 5 1 1 0 0 0 0 0 0
1551 1 0 0 0 0 0 0 0 0
1552 1 0 0 0 0 0 0 0 0
1554 1 0 0 0 0 0 0 0 0
1555 1 0 0 0 0 0 0 0 0
1557 1 0 0 1 0 0 0 0 0
1558 1 0 0 1 0 0 0 0 0
1559 1 0 0 0 0 0 0 0 0
1561 1 0 0 0 0 0 0 0 0
1562 1 0 0 0 0 0 0 0 0
1563 1 0 0 0 0 0 0 0 0
1567 1 0 0 0 0 0 0 0 0
1568 1 0 0 0 0 0 0 0 0
1569 1 0 0 0 0 0 0 0 0
1570 1 0 0 0 0 0 0 0 0
1571 1 1 1 0 0 0 0 0 0
1572 1 0 0 0 0 0 0 0 0
1613 4 1 1 0 0 0 0 0 0
1614 4 0 0 4 0 0 0 0 0
1615 4 0 0 4 1 1 0 0 0
1616 4 0 0 0 0 0 0 0 0
1617 4 0 0 0 0 0 0 0 0
1619 4 0 0 0 0 0 0 0 0
1620 4 0 0 0 0 0 0 0 0
1621 4 1 1 0 0 0 0 0 0
1622 4 0 0 0 0 0 0 0 0
1623 4 0 0 0 0 0 0 0 0
1624 4 0 0 0 0 0 0 0 0
1625 4 0 0 0 0 0 0 0 0
1626 1 0 0 1 0 0 0 0 0
1630 1 0 0 0 0 0 0 0 0
1631 1 0 0 0 0 0 0 0 0
1632 1 0 0 0 0 0 0 0 0
1638 1 0 0 0 0 0 0 0 0
1639 1 0 0 0 0 0 0 0 0
1640 2 0 0 0 0 0 0 0 0
1644 1 1 1 0 0 0 0 0 0
1645 1 0 0 0 0 0 0 0 0
1648 1 0 0 1 0 0 0 0 0
1649 1 0 0 1 0 0 0 0 0
1650 1 0 0 0 0 0 0 0 0
1652 1 0 0 0 0 0 0 0 0
1653 1 0 0 0 0 0 0 0 0
1654 1 0 0 0 0 0 0 0 0
1658 1 0 0 0 0 0 0 0 0
1659 1 0 0 0 0 0 0 0 0
1660 1 0 0 0 0 0 0 0 0
1661 1 0 0 0 0 0 0 0 0
1662 1 0 0 0 0 0 0 0 0
1663 1 1 1 0 0 0 0 0 0
1732 2 1 1 0 0 0 0 0 0
1733 2 0 0 2 2 2 0 0 0
1734 2 0 0 2 0 0 0 0 0
1735 2 0 0 0 0 0 0 0 0
1736 2 0 0 0 0 0 0 0 0
1738 2 0 0 0 0 0 0 0 0
1739 2 0 0 0 0 0 0 0 0
1740 2 1 1 0 0 0 0 0 0
1741 2 0 0 0 0 0 0 0 0
1742 2 0 0 0 0 0 0 0 0
1743 2 0 0 0 0 0 0 0 0
1744 2 0 0 0 0 0 0 0 0
1745 2 0 0 2 0 0 0 0 0
1749 2 0 0 0 0 0 0 0 0
1750 2 0 0 0 0 0 0 0 0
1751 2 0 0 0 0 0 0 0 0
1757 2 0 0 0 0 0 0 0 0
1758 2 0 0 0 0 0 0 0 0
1759 4 0 0 0 0 0 0 0 0
1763 2 1 1 0 0 0 0 0 0
1764 2 0 0 0 0 0 0 0 0
1767 2 0 0 2 0 0 0 0 0
1768 2 0 0 2 1 1 0 0 0
1769 2 0 0 0 0 0 0 0 0
1771 2 0 0 0 0 0 0 0 0
1772 2 0 0 0 0 0 0 0 0
1773 2 0 0 0 0 0 0 0 0
1777 2 0 0 0 0 0 0 0 0
1778 2 0 0 0 0 0 0 0 0
1779 2 0 0 0 0 0 0 0 0
1780 2 0 0 0 0 0 0 0 0
1781 2 0 0 0 0 0 0 0 0
1782 2 1 1 0 0 0 0 0 0
1851 8 1 1 0 0 0 0 0 0
1852 8 0 0 8 0 0 0 0 0
1853 8 0 0 8 0 0 0 0 0
1854 8 0 0 0 0 0 0 0 0
1855 8 0 0 0 0 0 0 0 0
1857 8 0 0 0 0 0 0 0 0
1858 8 0 0 0 0 0 0 0 0
1859 8 1 1 0 0 0 0 0 0
1860 8 0 0 0 0 0 0 0 0
1861 8 0 0 0 0 0 0 0 0
1862 8 0 0 0 0 0 0 0 0
1863 8 0 0 0 0 0 0 0 0
1970 7 1 1 0 0 0 0 0 0
1971 7 0 0 7 0 0 0 0 0
1972 7 0 0 7 0 0 0 0 0
1973 7 0 0 0 0 0 0 0 0
1974 7 0 0 0 0 0 0 0 0
1976 7 0 0 0 0 0 0 0 0
1977 7 0 0 0 0 0 0 0 0
1978 7 1 1 0 0 0 0 0 0
1979 7 0 0 0 0 0 0 0 0
1980 7 0 0 0 0 0 0 0 0
1981 7 0 0 0 0 0 0 0 0
1982 7 0 0 0 0 0 0 0 0
1984 7 0 0 7 0 0 0 0 0
1988 7 0 0 0 0 0 0 0 0
1989 7 0 0 0 0 0 0 0 0
1990 7 0 0 0 0 0 0 0 0
1996 7 0 0 0 0 0 0 0 0
1997 7 0 0 0 0 0 0 0 0
1999 14 0 0 0 0 0 0 0 0
2003 7 1 1 0 0 0 0 0 0
2004 7 0 0 0 0 0 0 0 0
2007 7 0 0 7 0 0 0 0 0
2008 7 0 0 7 1 1 0 0 0
2009 7 0 0 0 0 0 0 0 0
2011 7 0 0 0 0 0 0 0 0
2012 7 0 0 0 0 0 0 0 0
2013 7 0 0 0 0 0 0 0 0
2017 7 0 0 0 0 0 0 0 0
2018 7 0 0 0 0 0 0 0 0
2019 7 0 0 0 0 0 0 0 0
2020 7 0 0 0 0 0 0 0 0
2021 7 0 0 0 0 0 0 0 0
2022 7 1 1 0 0 0 0 0 0
2093 109 0 0 0 0 0 0 0 0
2095 137 1 1 0 0 0 0 0 0
2096 137 0 0 0 0 0 0 0 0
2097 137 0 0 0 0 0 0 0 0
2098 137 0 0 0 0 0 0 0 0
2099 80 0 0 0 0 0 0 0 0
2104 167 1 1 0 0 0 0 0 0
2110 167 0 0 167 0 0 0 0 0
2111 167 0 0 167 0 0 0 0 0
2119 167 0 0 0 0 0 0 0 0
2120 167 0 0 167 0 0 0 0 0
fn=strncmp
98 1 1 1 0 0 0 0 0 0
125 1 0 0 0 0 0 0 0 0
126 1 0 0 0 0 0 0 0 0
127 1 0 0 0 0 0 0 0 0
128 1 0 0 0 0 0 0 0 0
129 1 0 0 0 0 0 0 0 0
131 1 0 0 0 0 0 0 0 0
132 1 0 0 0 0 0 0 0 0
134 1 0 0 0 0 0 0 0 0
135 1 0 0 0 0 0 0 0 0
156 1 0 0 0 0 0 0 0 0
157 1 0 0 0 0 0 0 0 0
158 1 0 0 0 0 0 0 0 0
159 1 0 0 0 0 0 0 0 0
201 1 1 1 0 0 0 0 0 0
202 1 0 0 0 0 0 0 0 0
203 1 0 0 0 0 0 0 0 0
204 1 0 0 0 0 0 0 0 0
205 1 0 0 0 0 0 0 0 0
206 1 0 0 0 0 0 0 0 0
207 1 0 0 0 0 0 0 0 0
208 1 0 0 0 0 0 0 0 0
209 1 0 0 0 0 0 0 0 0
210 1 0 0 0 0 0 0 0 0
211 1 0 0 0 0 0 0 0 0
212 1 0 0 0 0 0 0 0 0
214 1 0 0 0 0 0 0 0 0
215 1 0 0 0 0 0 0 0 0
216 1 0 0 0 0 0 0 0 0
217 1 0 0 1 1 1 0 0 0
218 1 0 0 0 0 0 0 0 0
219 1 0 0 0 0 0 0 0 0
1613 1 1 1 0 0 0 0 0 0
1614 1 0 0 1 1 1 0 0 0
1615 1 0 0 1 0 0 0 0 0
1616 1 0 0 0 0 0 0 0 0
1617 1 0 0 0 0 0 0 0 0
1619 1 0 0 0 0 0 0 0 0
1620 1 0 0 0 0 0 0 0 0
1621 1 0 0 0 0 0 0 0 0
1622 1 0 0 0 0 0 0 0 0
1623 1 0 0 0 0 0 0 0 0
1624 1 0 0 0 0 0 0 0 0
1625 1 0 0 0 0 0 0 0 0
2095 1 1 1 0 0 0 0 0 0
2096 1 0 0 0 0 0 0 0 0
2097 1 0 0 0 0 0 0 0 0
2098 1 0 0 0 0 0 0 0 0
2099 2 0 0 0 0 0 0 0 0
2104 1 0 0 0 0 0 0 0 0
2107 1 0 0 0 0 0 0 0 0
2108 1 0 0 0 0 0 0 0 0
2110 1 0 0 1 0 0 0 0 0
2111 1 1 1 1 0 0 0 0 0
2119 1 0 0 0 0 0 0 0 0
2120 1 0 0 1 0 0 0 0 0
fl=./string/../sysdeps/x86_64/multiarch/../multiarch/strlen-sse2.S
fn=strlen
57 15 1 1 0 0 0 0 0 0
101 15 0 0 0 0 0 0 0 0
102 15 0 0 0 0 0 0 0 0
103 15 0 0 0 0 0 0 0 0
104 15 0 0 0 0 0 0 0 0
105 15 0 0 0 0 0 0 0 0
106 15 0 0 0 0 0 0 0 0
107 15 1 1 0 0 0 0 0 0
109 15 0 0 0 0 0 0 0 0
111 15 0 0 0 0 0 0 0 0
142 14 0 0 14 1 1 0 0 0
143 14 0 0 0 0 0 0 0 0
144 14 0 0 0 0 0 0 0 0
145 14 0 0 0 0 0 0 0 0
146 14 0 0 0 0 0 0 0 0
147 8 0 0 0 0 0 0 0 0
149 8 0 0 8 0 0 0 0 0
153 6 0 0 0 0 0 0 0 0
154 6 0 0 6 0 0 0 0 0
155 6 0 0 6 0 0 0 0 0
156 6 0 0 6 0 0 0 0 0
157 6 0 0 0 0 0 0 0 0
158 6 0 0 0 0 0 0 0 0
159 6 0 0 0 0 0 0 0 0
160 6 0 0 0 0 0 0 0 0
161 6 0 0 0 0 0 0 0 0
162 6 0 0 0 0 0 0 0 0
163 6 0 0 0 0 0 0 0 0
164 6 0 0 0 0 0 0 0 0
169 48 0 0 6 0 0 0 0 0
173 1 1 1 0 0 0 0 0 0
174 14 1 1 4 1 1 0 0 0
175 8 1 1 1 0 0 0 0 0
fl=./string/../sysdeps/x86_64/multiarch/ifunc-avx2.h
fn=memrchr
38 3 0 0 2 0 0 0 0 0
40 4 1 1 0 0 0 0 0 0
fn=rindex
38 3 1 1 2 0 0 0 0 0
40 4 0 0 0 0 0 0 0 0
fn=strchrnul
38 3 0 0 2 0 0 0 0 0
40 4 0 0 0 0 0 0 0 0
fn=strlen
38 3 0 0 2 0 0 0 0 0
40 4 0 0 0 0 0 0 0 0
fn=strnlen
38 6 0 0 4 0 0 0 0 0
40 8 0 0 0 0 0 0 0 0
fl=./string/../sysdeps/x86_64/multiarch/ifunc-evex.h
fn=memchr
37 3 0 0 2 0 0 0 0 0
38 4 0 0 0 0 0 0 0 0
fl=./string/../sysdeps/x86_64/multiarch/ifunc-memcmp.h
fn=bcmp
34 7 0 0 2 0 0 0 0 0
fl=./string/../sysdeps/x86_64/multiarch/ifunc-memmove.h
fn=memcpy@@GLIBC_2.14
56 3 0 0 2 0 0 0 0 0
57 2 0 0 0 0 0 0 0 0
60 3 0 0 1 0 0 0 0 0
61 2 0 0 0 0 0 0 0 0
74 2 1 1 0 0 0 0 0 0
103 2 0 0 1 0 0 0 0 0
108 3 0 0 0 0 0 0 0 0
113 4 1 1 0 0 0 0 0 0
fn=memmove
56 3 0 0 2 0 0 0 0 0
57 2 0 0 0 0 0 0 0 0
60 3 0 0 1 0 0 0 0 0
61 2 0 0 0 0 0 0 0 0
74 2 1 1 0 0 0 0 0 0
103 2 0 0 1 0 0 0 0 0
108 3 0 0 0 0 0 0 0 0
113 4 1 1 0 0 0 0 0 0
fn=mempcpy
56 3 0 0 2 0 0 0 0 0
57 2 0 0 0 0 0 0 0 0
60 3 0 0 1 0 0 0 0 0
61 2 1 1 0 0 0 0 0 0
74 2 0 0 0 0 0 0 0 0
103 2 0 0 1 0 0 0 0 0
108 3 1 1 0 0 0 0 0 0
113 4 0 0 0 0 0 0 0 0
fl=./string/../sysdeps/x86_64/multiarch/ifunc-memset.h
fn=memset
61 5 0 0 2 0 0 0 0 0
64 3 1 1 1 0 0 0 0 0
65 2 1 1 0 0 0 0 0 0
80 2 0 0 0 0 0 0 0 0
110 3 0 0 0 0 0 0 0 0
111 3 0 0 0 0 0 0 0 0
fl=./string/../sysdeps/x86_64/multiarch/ifunc-sse4_2.h
fn=strcspn
36 5 1 1 2 0 0 0 0 0
fn=strpbrk
36 5 0 0 2 0 0 0 0 0
fn=strspn
36 5 1 1 2 0 0 0 0 0
fl=./string/../sysdeps/x86_64/multiarch/ifunc-strcasecmp.h
fn=strcasecmp
36 1 0 0 1 0 0 0 0 0
37 4 0 0 1 0 0 0 0 0
53 3 1 1 1 0 0 0 0 0
56 4 0 0 1 0 0 0 0 0
fn=strcasecmp_l
36 1 0 0 1 0 0 0 0 0
37 4 0 0 1 0 0 0 0 0
53 3 0 0 1 0 0 0 0 0
56 4 1 1 1 0 0 0 0 0
fn=strncasecmp
36 1 0 0 1 0 0 0 0 0
37 4 0 0 1 0 0 0 0 0
53 3 0 0 1 0 0 0 0 0
56 4 1 1 1 0 0 0 0 0
fn=strncasecmp_l
36 1 0 0 1 0 0 0 0 0
37 4 0 0 1 0 0 0 0 0
53 3 1 1 1 0 0 0 0 0
56 4 0 0 1 0 0 0 0 0
fl=./string/../sysdeps/x86_64/multiarch/ifunc-strcpy.h
fn=stpcpy
38 4 0 0 2 0 0 0 0 0
39 3 0 0 1 0 0 0 0 0
54 5 1 1 1 0 0 0 0 0
fn=strcat
38 4 0 0 2 0 0 0 0 0
39 3 0 0 1 0 0 0 0 0
54 5 1 1 1 0 0 0 0 0
fn=strcpy
38 4 1 1 2 0 0 0 0 0
39 3 0 0 1 0 0 0 0 0
54 5 0 0 1 0 0 0 0 0
fl=./string/../sysdeps/x86_64/multiarch/ifunc-strncpy.h
fn=stpncpy
35 5 0 0 2 0 0 0 0 0
fn=strncpy
35 5 0 0 2 0 0 0 0 0
fl=./string/../sysdeps/x86_64/multiarch/memchr.c
fn=memchr
29 2 1 1 1 0 0 0 0 0
fl=./string/../sysdeps/x86_64/multiarch/memcmp.c
fn=bcmp
29 3 1 1 1 0 0 0 0 0
fl=./string/../sysdeps/x86_64/multiarch/memcpy.c
fn=memcpy@@GLIBC_2.14
29 2 1 1 1 0 0 0 0 0
fl=./string/../sysdeps/x86_64/multiarch/memmove-vec-unaligned-erms.S
fn=memcpy
210 16 1 1 0 0 0 0 0 0
211 16 0 0 0 0 0 0 0 0
217 26 0 0 0 0 0 0 0 0
218 26 0 0 0 0 0 0 0 0
220 14 0 0 14 1 0 0 0 0
221 14 0 0 0 0 0 0 0 0
222 14 0 0 0 0 0 0 0 0
224 6 0 0 6 0 0 0 0 0
225 6 0 0 0 0 0 6 0 0
226 6 0 0 0 0 0 6 0 0
228 6 0 0 6 0 0 0 0 0
308 12 1 1 0 0 0 0 0 0
309 12 0 0 0 0 0 0 0 0
311 2 0 0 0 0 0 0 0 0
315 2 0 0 0 0 0 0 0 0
316 2 0 0 0 0 0 0 0 0
317 2 0 0 0 0 0 0 0 0
318 1 0 0 1 1 1 0 0 0
319 1 0 0 0 0 0 0 0 0
323 1 0 0 0 0 0 1 1 1
325 2 0 0 2 0 0 0 0 0
364 10 1 1 10 0 0 0 0 0
365 10 0 0 10 0 0 0 0 0
366 10 0 0 0 0 0 10 5 5
367 10 0 0 0 0 0 10 0 0
368 10 0 0 10 0 0 0 0 0
375 8 0 0 8 1 0 0 0 0
376 8 0 0 8 0 0 0 0 0
377 8 0 0 0 0 0 8 2 2
378 8 0 0 0 0 0 8 1 1
379 8 0 0 0 0 0 8 4 4
380 8 0 0 0 0 0 8 0 0
381 8 0 0 8 0 0 0 0 0
392 8 1 0 0 0 0 0 0 0
393 8 0 0 0 0 0 0 0 0
395 8 0 0 8 0 0 0 0 0
396 8 2 1 0 0 0 0 0 0
397 8 0 0 0 0 0 0 0 0
fn=mempcpy
197 10 1 0 0 0 0 0 0 0
198 10 0 0 0 0 0 0 0 0
199 10 0 0 0 0 0 0 0 0
200 10 0 0 0 0 0 0 0 0
fl=./string/../sysdeps/x86_64/multiarch/memmove.c
fn=memmove
29 2 1 1 1 0 0 0 0 0
fl=./string/../sysdeps/x86_64/multiarch/mempcpy.c
fn=mempcpy
33 2 1 1 1 0 0 0 0 0
fl=./string/../sysdeps/x86_64/multiarch/memrchr.c
fn=memrchr
29 2 1 1 1 0 0 0 0 0
fl=./string/../sysdeps/x86_64/multiarch/memset.c
fn=memset
29 2 1 1 1 0 0 0 0 0
fl=./string/../sysdeps/x86_64/multiarch/stpcpy.c
fn=stpcpy
33 1 1 1 0 0 0 0 0 0
fl=./string/../sysdeps/x86_64/multiarch/stpncpy.c
fn=stpncpy
31 2 2 2 1 0 0 0 0 0
fn=strcasecmp
31 1 0 0 0 0 0 0 0 0
fl=./string/../sysdeps/x86_64/multiarch/strcasecmp.c
fn=strcasecmp
31 2 0 0 1 0 0 0 0 0
fl=./string/../sysdeps/x86_64/multiarch/strcasecmp_l.c
fn=strcasecmp_l
31 3 1 1 1 0 0 0 0 0
fl=./string/../sysdeps/x86_64/multiarch/strcat.c
fn=strcat
29 1 1 1 0 0 0 0 0 0
fl=./string/../sysdeps/x86_64/multiarch/strchr.c
fn=index
42 2 0 0 2 0 0 0 0 0
43 4 0 0 0 0 0 0 0 0
44 3 1 1 1 0 0 0 0 0
59 5 0 0 1 0 0 0 0 0
65 1 1 1 0 0 0 0 0 0
fl=./string/../sysdeps/x86_64/multiarch/strchrnul.c
fn=strchrnul
31 2 1 1 1 0 0 0 0 0
fl=./string/../sysdeps/x86_64/multiarch/strcmp.c
fn=strcmp
47 1 0 0 1 0 0 0 0 0
48 4 0 0 1 0 0 0 0 0
49 3 1 1 1 0 0 0 0 0
64 3 0 0 1 0 0 0 0 0
67 2 0 0 0 0 0 0 0 0
79 2 2 2 1 0 0 0 0 0
fl=./string/../sysdeps/x86_64/multiarch/strcpy.c
fn=strcpy
29 1 1 1 0 0 0 0 0 0
fl=./string/../sysdeps/x86_64/multiarch/strcspn.c
fn=strcspn
29 2 1 1 1 0 0 0 0 0
fl=./string/../sysdeps/x86_64/multiarch/strlen.c
fn=strlen
29 2 1 1 1 0 0 0 0 0
fl=./string/../sysdeps/x86_64/multiarch/strncase.c
fn=strncasecmp
31 3 1 1 1 0 0 0 0 0
fl=./string/../sysdeps/x86_64/multiarch/strncase_l.c
fn=strncasecmp_l
31 3 1 1 1 0 0 0 0 0
fl=./string/../sysdeps/x86_64/multiarch/strncmp.c
fn=strncmp
43 1 0 0 1 0 0 0 0 0
44 4 0 0 1 0 0 0 0 0
60 3 1 1 1 0 0 0 0 0
61 4 0 0 1 0 0 0 0 0
67 3 1 1 1 0 0 0 0 0
fl=./string/../sysdeps/x86_64/multiarch/strncpy.c
fn=strncpy
29 2 2 2 1 0 0 0 0 0
fl=./string/../sysdeps/x86_64/multiarch/strnlen.c
fn=strnlen
31 4 1 1 2 0 0 0 0 0
fl=./string/../sysdeps/x86_64/multiarch/strpbrk.c
fn=strpbrk
29 2 1 1 1 0 0 0 0 0
fl=./string/../sysdeps/x86_64/multiarch/strrchr-sse2.S
fn=__strrchr_sse2
45 1 1 1 0 0 0 0 0 0
46 1 0 0 0 0 0 0 0 0
47 1 0 0 0 0 0 0 0 0
48 1 0 0 0 0 0 0 0 0
50 1 0 0 0 0 0 0 0 0
51 1 0 0 0 0 0 0 0 0
53 1 0 0 0 0 0 0 0 0
54 1 0 0 0 0 0 0 0 0
55 1 0 0 0 0 0 0 0 0
58 1 0 0 1 1 0 0 0 0
59 1 0 0 0 0 0 0 0 0
60 1 0 0 0 0 0 0 0 0
61 1 0 0 0 0 0 0 0 0
62 1 0 0 0 0 0 0 0 0
63 1 0 0 0 0 0 0 0 0
86 1 1 1 0 0 0 0 0 0
87 1 0 0 0 0 0 0 0 0
88 1 0 0 0 0 0 0 0 0
89 1 0 0 0 0 0 0 0 0
90 1 0 0 0 0 0 0 0 0
91 1 0 0 0 0 0 0 0 0
95 1 0 0 1 0 0 0 0 0
99 1 1 1 0 0 0 0 0 0
100 1 0 0 0 0 0 0 0 0
101 1 0 0 0 0 0 0 0 0
102 1 0 0 0 0 0 0 0 0
103 1 0 0 0 0 0 0 0 0
104 1 0 0 0 0 0 0 0 0
143 1 1 1 0 0 0 0 0 0
144 1 0 0 0 0 0 0 0 0
146 1 0 0 1 0 0 0 0 0
147 1 0 0 0 0 0 0 0 0
148 1 0 0 0 0 0 0 0 0
149 1 0 0 0 0 0 0 0 0
150 1 0 0 0 0 0 0 0 0
151 1 0 0 0 0 0 0 0 0
fl=./string/../sysdeps/x86_64/multiarch/strrchr.c
fn=rindex
28 2 0 0 1 0 0 0 0 0
fl=./string/../sysdeps/x86_64/multiarch/strspn.c
fn=strspn
29 2 1 1 1 0 0 0 0 0
fl=./string/./string/strdup.c
fn=strdup
40 18 1 1 0 0 0 9 0 0
41 6 0 0 0 0 0 3 0 0
44 6 0 0 0 0 0 0 0 0
47 12 0 0 0 0 0 0 0 0
48 9 0 0 9 0 0 0 0 0
fl=./wcsmbs/../sysdeps/x86_64/multiarch/ifunc-avx2.h
fn=wcschr
38 6 0 0 4 0 0 0 0 0
40 8 0 0 0 0 0 0 0 0
fn=wcscmp
38 3 1 1 2 0 0 0 0 0
40 4 0 0 0 0 0 0 0 0
fl=./wcsmbs/../sysdeps/x86_64/multiarch/ifunc-evex.h
fn=wmemchr
37 6 0 0 4 0 0 0 0 0
38 8 0 0 0 0 0 0 0 0
fl=./wcsmbs/../sysdeps/x86_64/multiarch/ifunc-memcmp.h
fn=wmemcmp
34 7 0 0 2 0 0 0 0 0
fl=./wcsmbs/../sysdeps/x86_64/multiarch/ifunc-wcs.h
fn=wcpncpy
39 2 1 1 1 0 0 0 0 0
40 4 0 0 1 0 0 0 0 0
fn=wcscat
39 2 0 0 1 0 0 0 0 0
40 4 1 1 1 0 0 0 0 0
fn=wcsncpy
39 2 0 0 1 0 0 0 0 0
40 4 0 0 1 0 0 0 0 0
fl=./wcsmbs/../sysdeps/x86_64/multiarch/ifunc-wcslen.h
fn=wcslen
40 1 0 0 1 0 0 0 0 0
41 4 1 1 1 0 0 0 0 0
57 5 0 0 2 0 0 0 0 0
fn=wcsnlen
40 1 0 0 1 0 0 0 0 0
41 4 1 1 1 0 0 0 0 0
57 5 0 0 2 0 0 0 0 0
fl=./wcsmbs/../sysdeps/x86_64/multiarch/ifunc-wmemset.h
fn=wmemset
36 10 0 0 4 0 0 0 0 0
fl=./wcsmbs/../sysdeps/x86_64/multiarch/wcpncpy.c
fn=wcpncpy
31 3 1 1 1 0 0 0 0 0
fl=./wcsmbs/../sysdeps/x86_64/multiarch/wcscat.c
fn=wcscat
31 3 1 1 1 0 0 0 0 0
fl=./wcsmbs/../sysdeps/x86_64/multiarch/wcschr.c
fn=wcschr
31 4 1 1 2 0 0 0 0 0
fl=./wcsmbs/../sysdeps/x86_64/multiarch/wcscmp.c
fn=wcscmp
30 2 1 1 1 0 0 0 0 0
fl=./wcsmbs/../sysdeps/x86_64/multiarch/wcscpy.c
fn=wcscpy
42 2 0 0 2 0 0 0 0 0
43 4 0 0 0 0 0 0 0 0
54 5 1 1 2 0 0 0 0 0
60 1 1 1 0 0 0 0 0 0
fl=./wcsmbs/../sysdeps/x86_64/multiarch/wcslen.c
fn=wcslen
29 1 1 1 0 0 0 0 0 0
fl=./wcsmbs/../sysdeps/x86_64/multiarch/wcsncpy.c
fn=wcsncpy
31 3 1 1 1 0 0 0 0 0
fl=./wcsmbs/../sysdeps/x86_64/multiarch/wcsnlen.c
fn=wcsnlen
30 1 1 1 0 0 0 0 0 0
fl=./wcsmbs/../sysdeps/x86_64/multiarch/wmemchr.c
fn=wmemchr
31 4 1 1 2 0 0 0 0 0
fl=./wcsmbs/../sysdeps/x86_64/multiarch/wmemcmp.c
fn=wmemcmp
29 3 1 1 1 0 0 0 0 0
fl=./wcsmbs/../sysdeps/x86_64/multiarch/wmemset.c
fn=wmemset
31 4 2 2 2 0 0 0 0 0
fl=???
fn=(below main)
0 12 1 1 2 0 0 3 0 0
fn=???
0 147 20 18 44 5 4 11 1 1
fn=__popcountdi2
0 21 2 2 1 0 0 0 0 0
fn=main
0 3454423 5 5 1651846 6261 6261 250886 6261 6260
summary: 3590800 1185 1175 1683446 7488 7368 262926 6632 6623
